  0.00000000  0.00000000  0.00000000       0      0      0       0.00000000E+00
  0.00000000  0.00000000  0.00000000      -1     -1     -1       0.22077974E+02
  0.00000000  0.00000000  0.00000000      -1      0      0       0.22077974E+02
  0.00000000  0.00000000  0.00000000       0     -1      0       0.22077974E+02
  0.00000000  0.00000000  0.00000000       0      0     -1       0.22077974E+02
  0.00000000  0.00000000  0.00000000       0      0      1       0.22077974E+02
  0.00000000  0.00000000  0.00000000       0      1      0       0.22077974E+02
  0.00000000  0.00000000  0.00000000       1      0      0       0.22077974E+02
  0.00000000  0.00000000  0.00000000       1      1      1       0.22077974E+02
  0.00000000  0.00000000  0.00000000      -1     -1      0       0.16558480E+02
  0.00000000  0.00000000  0.00000000      -1      0     -1       0.16558480E+02
  0.00000000  0.00000000  0.00000000       0     -1     -1       0.16558480E+02
  0.00000000  0.00000000  0.00000000       0      1      1       0.16558480E+02
  0.00000000  0.00000000  0.00000000       1      0      1       0.16558480E+02
  0.00000000  0.00000000  0.00000000       1      1      0       0.16558480E+02
  0.00000000  0.00000000  0.00000000      -2     -1     -1       0.82792401E+01
  0.00000000  0.00000000  0.00000000      -1     -2     -1       0.82792401E+01
  0.00000000  0.00000000  0.00000000      -1     -1     -2       0.82792401E+01
  0.00000000  0.00000000  0.00000000      -1      0      1       0.82792401E+01
  0.00000000  0.00000000  0.00000000      -1      1      0       0.82792401E+01
  0.00000000  0.00000000  0.00000000       0     -1      1       0.82792401E+01
  0.00000000  0.00000000  0.00000000       0      1     -1       0.82792401E+01
  0.00000000  0.00000000  0.00000000       1     -1      0       0.82792401E+01
  0.00000000  0.00000000  0.00000000       1      0     -1       0.82792401E+01
  0.00000000  0.00000000  0.00000000       1      1      2       0.82792401E+01
  0.00000000  0.00000000  0.00000000       1      2      1       0.82792401E+01
  0.00000000  0.00000000  0.00000000       2      1      1       0.82792401E+01
  0.00100000  0.00100000  0.00100000       0      0      0       0.22077974E+08
  0.00000000  0.00000000  0.50000000       0      0      0       0.88311895E+02
  0.00000000  0.00000000  0.50000000      -1     -1     -1       0.24085062E+02
  0.00000000  0.00000000  0.50000000      -1      0      0       0.13943983E+02
  0.00000000  0.00000000  0.50000000       0     -1      0       0.13943983E+02
  0.00000000  0.00000000  0.50000000       0      0     -1       0.88311895E+02
  0.00000000  0.00000000  0.50000000       0      0      1       0.98124328E+01
  0.00000000  0.00000000  0.50000000       0      1      0       0.24085062E+02
  0.00000000  0.00000000  0.50000000       1      0      0       0.24085062E+02
  0.00000000  0.00000000  0.50000000       1      1      1       0.13943983E+02
  0.00000000  0.00000000  0.50000000      -1     -1      0       0.98124328E+01
  0.00000000  0.00000000  0.50000000      -1      0     -1       0.24085062E+02
  0.00000000  0.00000000  0.50000000       0     -1     -1       0.24085062E+02
  0.00000000  0.00000000  0.50000000       0      1      1       0.98124328E+01
  0.00000000  0.00000000  0.50000000       1      0      1       0.98124328E+01
  0.00000000  0.00000000  0.50000000       1      1      0       0.24085062E+02
  0.00000000  0.00000000  0.50000000      -2     -1     -1       0.75695910E+01
  0.00000000  0.00000000  0.50000000      -1     -2     -1       0.75695910E+01
  0.00000000  0.00000000  0.50000000      -1     -1     -2       0.13943983E+02
  0.00000000  0.00000000  0.50000000      -1      0      1       0.51948173E+01
  0.00000000  0.00000000  0.50000000      -1      1      0       0.75695910E+01
  0.00000000  0.00000000  0.50000000       0     -1      1       0.51948173E+01
  0.00000000  0.00000000  0.50000000       0      1     -1       0.13943983E+02
  0.00000000  0.00000000  0.50000000       1     -1      0       0.75695910E+01
  0.00000000  0.00000000  0.50000000       1      0     -1       0.13943983E+02
  0.00000000  0.00000000  0.50000000       1      1      2       0.51948173E+01
  0.00000000  0.00000000  0.50000000       1      2      1       0.75695910E+01
  0.00000000  0.00000000  0.50000000       2      1      1       0.75695910E+01
  0.00000000  0.50000000  0.00000000       0      0      0       0.88311895E+02
  0.00000000  0.50000000  0.00000000      -1     -1     -1       0.24085062E+02
  0.00000000  0.50000000  0.00000000      -1      0      0       0.13943983E+02
  0.00000000  0.50000000  0.00000000       0     -1      0       0.88311895E+02
  0.00000000  0.50000000  0.00000000       0      0     -1       0.13943983E+02
  0.00000000  0.50000000  0.00000000       0      0      1       0.24085062E+02
  0.00000000  0.50000000  0.00000000       0      1      0       0.98124328E+01
  0.00000000  0.50000000  0.00000000       1      0      0       0.24085062E+02
  0.00000000  0.50000000  0.00000000       1      1      1       0.13943983E+02
  0.00000000  0.50000000  0.00000000      -1     -1      0       0.24085062E+02
  0.00000000  0.50000000  0.00000000      -1      0     -1       0.98124328E+01
  0.00000000  0.50000000  0.00000000       0     -1     -1       0.24085062E+02
  0.00000000  0.50000000  0.00000000       0      1      1       0.98124328E+01
  0.00000000  0.50000000  0.00000000       1      0      1       0.24085062E+02
  0.00000000  0.50000000  0.00000000       1      1      0       0.98124328E+01
  0.00000000  0.50000000  0.00000000      -2     -1     -1       0.75695910E+01
  0.00000000  0.50000000  0.00000000      -1     -2     -1       0.13943983E+02
  0.00000000  0.50000000  0.00000000      -1     -1     -2       0.75695910E+01
  0.00000000  0.50000000  0.00000000      -1      0      1       0.75695910E+01
  0.00000000  0.50000000  0.00000000      -1      1      0       0.51948173E+01
  0.00000000  0.50000000  0.00000000       0     -1      1       0.13943983E+02
  0.00000000  0.50000000  0.00000000       0      1     -1       0.51948173E+01
  0.00000000  0.50000000  0.00000000       1     -1      0       0.13943983E+02
  0.00000000  0.50000000  0.00000000       1      0     -1       0.75695910E+01
  0.00000000  0.50000000  0.00000000       1      1      2       0.75695910E+01
  0.00000000  0.50000000  0.00000000       1      2      1       0.51948173E+01
  0.00000000  0.50000000  0.00000000       2      1      1       0.75695910E+01
  0.00000000  0.50000000  0.50000000       0      0      0       0.66233921E+02
  0.00000000  0.50000000  0.50000000      -1     -1     -1       0.33116961E+02
  0.00000000  0.50000000  0.50000000      -1      0      0       0.11038987E+02
  0.00000000  0.50000000  0.50000000       0     -1      0       0.33116961E+02
  0.00000000  0.50000000  0.50000000       0      0     -1       0.33116961E+02
  0.00000000  0.50000000  0.50000000       0      0      1       0.11038987E+02
  0.00000000  0.50000000  0.50000000       0      1      0       0.11038987E+02
  0.00000000  0.50000000  0.50000000       1      0      0       0.33116961E+02
  0.00000000  0.50000000  0.50000000       1      1      1       0.11038987E+02
  0.00000000  0.50000000  0.50000000      -1     -1      0       0.13246784E+02
  0.00000000  0.50000000  0.50000000      -1      0     -1       0.13246784E+02
  0.00000000  0.50000000  0.50000000       0     -1     -1       0.66233921E+02
  0.00000000  0.50000000  0.50000000       0      1      1       0.73593246E+01
  0.00000000  0.50000000  0.50000000       1      0      1       0.13246784E+02
  0.00000000  0.50000000  0.50000000       1      1      0       0.13246784E+02
  0.00000000  0.50000000  0.50000000      -2     -1     -1       0.73593246E+01
  0.00000000  0.50000000  0.50000000      -1     -2     -1       0.13246784E+02
  0.00000000  0.50000000  0.50000000      -1     -1     -2       0.13246784E+02
  0.00000000  0.50000000  0.50000000      -1      0      1       0.50949170E+01
  0.00000000  0.50000000  0.50000000      -1      1      0       0.50949170E+01
  0.00000000  0.50000000  0.50000000       0     -1      1       0.73593246E+01
  0.00000000  0.50000000  0.50000000       0      1     -1       0.73593246E+01
  0.00000000  0.50000000  0.50000000       1     -1      0       0.13246784E+02
  0.00000000  0.50000000  0.50000000       1      0     -1       0.13246784E+02
  0.00000000  0.50000000  0.50000000       1      1      2       0.50949170E+01
  0.00000000  0.50000000  0.50000000       1      2      1       0.50949170E+01
  0.00000000  0.50000000  0.50000000       2      1      1       0.73593246E+01
  0.50000000  0.00000000  0.00000000       0      0      0       0.88311895E+02
  0.50000000  0.00000000  0.00000000      -1     -1     -1       0.24085062E+02
  0.50000000  0.00000000  0.00000000      -1      0      0       0.88311895E+02
  0.50000000  0.00000000  0.00000000       0     -1      0       0.13943983E+02
  0.50000000  0.00000000  0.00000000       0      0     -1       0.13943983E+02
  0.50000000  0.00000000  0.00000000       0      0      1       0.24085062E+02
  0.50000000  0.00000000  0.00000000       0      1      0       0.24085062E+02
  0.50000000  0.00000000  0.00000000       1      0      0       0.98124328E+01
  0.50000000  0.00000000  0.00000000       1      1      1       0.13943983E+02
  0.50000000  0.00000000  0.00000000      -1     -1      0       0.24085062E+02
  0.50000000  0.00000000  0.00000000      -1      0     -1       0.24085062E+02
  0.50000000  0.00000000  0.00000000       0     -1     -1       0.98124328E+01
  0.50000000  0.00000000  0.00000000       0      1      1       0.24085062E+02
  0.50000000  0.00000000  0.00000000       1      0      1       0.98124328E+01
  0.50000000  0.00000000  0.00000000       1      1      0       0.98124328E+01
  0.50000000  0.00000000  0.00000000      -2     -1     -1       0.13943983E+02
  0.50000000  0.00000000  0.00000000      -1     -2     -1       0.75695910E+01
  0.50000000  0.00000000  0.00000000      -1     -1     -2       0.75695910E+01
  0.50000000  0.00000000  0.00000000      -1      0      1       0.13943983E+02
  0.50000000  0.00000000  0.00000000      -1      1      0       0.13943983E+02
  0.50000000  0.00000000  0.00000000       0     -1      1       0.75695910E+01
  0.50000000  0.00000000  0.00000000       0      1     -1       0.75695910E+01
  0.50000000  0.00000000  0.00000000       1     -1      0       0.51948173E+01
  0.50000000  0.00000000  0.00000000       1      0     -1       0.51948173E+01
  0.50000000  0.00000000  0.00000000       1      1      2       0.75695910E+01
  0.50000000  0.00000000  0.00000000       1      2      1       0.75695910E+01
  0.50000000  0.00000000  0.00000000       2      1      1       0.51948173E+01
  0.50000000  0.00000000  0.50000000       0      0      0       0.66233921E+02
  0.50000000  0.00000000  0.50000000      -1     -1     -1       0.33116961E+02
  0.50000000  0.00000000  0.50000000      -1      0      0       0.33116961E+02
  0.50000000  0.00000000  0.50000000       0     -1      0       0.11038987E+02
  0.50000000  0.00000000  0.50000000       0      0     -1       0.33116961E+02
  0.50000000  0.00000000  0.50000000       0      0      1       0.11038987E+02
  0.50000000  0.00000000  0.50000000       0      1      0       0.33116961E+02
  0.50000000  0.00000000  0.50000000       1      0      0       0.11038987E+02
  0.50000000  0.00000000  0.50000000       1      1      1       0.11038987E+02
  0.50000000  0.00000000  0.50000000      -1     -1      0       0.13246784E+02
  0.50000000  0.00000000  0.50000000      -1      0     -1       0.66233921E+02
  0.50000000  0.00000000  0.50000000       0     -1     -1       0.13246784E+02
  0.50000000  0.00000000  0.50000000       0      1      1       0.13246784E+02
  0.50000000  0.00000000  0.50000000       1      0      1       0.73593246E+01
  0.50000000  0.00000000  0.50000000       1      1      0       0.13246784E+02
  0.50000000  0.00000000  0.50000000      -2     -1     -1       0.13246784E+02
  0.50000000  0.00000000  0.50000000      -1     -2     -1       0.73593246E+01
  0.50000000  0.00000000  0.50000000      -1     -1     -2       0.13246784E+02
  0.50000000  0.00000000  0.50000000      -1      0      1       0.73593246E+01
  0.50000000  0.00000000  0.50000000      -1      1      0       0.13246784E+02
  0.50000000  0.00000000  0.50000000       0     -1      1       0.50949170E+01
  0.50000000  0.00000000  0.50000000       0      1     -1       0.13246784E+02
  0.50000000  0.00000000  0.50000000       1     -1      0       0.50949170E+01
  0.50000000  0.00000000  0.50000000       1      0     -1       0.73593246E+01
  0.50000000  0.00000000  0.50000000       1      1      2       0.50949170E+01
  0.50000000  0.00000000  0.50000000       1      2      1       0.73593246E+01
  0.50000000  0.00000000  0.50000000       2      1      1       0.50949170E+01
  0.50000000  0.50000000  0.00000000       0      0      0       0.66233921E+02
  0.50000000  0.50000000  0.00000000      -1     -1     -1       0.33116961E+02
  0.50000000  0.50000000  0.00000000      -1      0      0       0.33116961E+02
  0.50000000  0.50000000  0.00000000       0     -1      0       0.33116961E+02
  0.50000000  0.50000000  0.00000000       0      0     -1       0.11038987E+02
  0.50000000  0.50000000  0.00000000       0      0      1       0.33116961E+02
  0.50000000  0.50000000  0.00000000       0      1      0       0.11038987E+02
  0.50000000  0.50000000  0.00000000       1      0      0       0.11038987E+02
  0.50000000  0.50000000  0.00000000       1      1      1       0.11038987E+02
  0.50000000  0.50000000  0.00000000      -1     -1      0       0.66233921E+02
  0.50000000  0.50000000  0.00000000      -1      0     -1       0.13246784E+02
  0.50000000  0.50000000  0.00000000       0     -1     -1       0.13246784E+02
  0.50000000  0.50000000  0.00000000       0      1      1       0.13246784E+02
  0.50000000  0.50000000  0.00000000       1      0      1       0.13246784E+02
  0.50000000  0.50000000  0.00000000       1      1      0       0.73593246E+01
  0.50000000  0.50000000  0.00000000      -2     -1     -1       0.13246784E+02
  0.50000000  0.50000000  0.00000000      -1     -2     -1       0.13246784E+02
  0.50000000  0.50000000  0.00000000      -1     -1     -2       0.73593246E+01
  0.50000000  0.50000000  0.00000000      -1      0      1       0.13246784E+02
  0.50000000  0.50000000  0.00000000      -1      1      0       0.73593246E+01
  0.50000000  0.50000000  0.00000000       0     -1      1       0.13246784E+02
  0.50000000  0.50000000  0.00000000       0      1     -1       0.50949170E+01
  0.50000000  0.50000000  0.00000000       1     -1      0       0.73593246E+01
  0.50000000  0.50000000  0.00000000       1      0     -1       0.50949170E+01
  0.50000000  0.50000000  0.00000000       1      1      2       0.73593246E+01
  0.50000000  0.50000000  0.00000000       1      2      1       0.50949170E+01
  0.50000000  0.50000000  0.00000000       2      1      1       0.50949170E+01
  0.50000000  0.50000000  0.50000000       0      0      0       0.88311895E+02
  0.50000000  0.50000000  0.50000000      -1     -1     -1       0.88311895E+02
  0.50000000  0.50000000  0.50000000      -1      0      0       0.24085062E+02
  0.50000000  0.50000000  0.50000000       0     -1      0       0.24085062E+02
  0.50000000  0.50000000  0.50000000       0      0     -1       0.24085062E+02
  0.50000000  0.50000000  0.50000000       0      0      1       0.13943983E+02
  0.50000000  0.50000000  0.50000000       0      1      0       0.13943983E+02
  0.50000000  0.50000000  0.50000000       1      0      0       0.13943983E+02
  0.50000000  0.50000000  0.50000000       1      1      1       0.98124328E+01
  0.50000000  0.50000000  0.50000000      -1     -1      0       0.24085062E+02
  0.50000000  0.50000000  0.50000000      -1      0     -1       0.24085062E+02
  0.50000000  0.50000000  0.50000000       0     -1     -1       0.24085062E+02
  0.50000000  0.50000000  0.50000000       0      1      1       0.98124328E+01
  0.50000000  0.50000000  0.50000000       1      0      1       0.98124328E+01
  0.50000000  0.50000000  0.50000000       1      1      0       0.98124328E+01
  0.50000000  0.50000000  0.50000000      -2     -1     -1       0.13943983E+02
  0.50000000  0.50000000  0.50000000      -1     -2     -1       0.13943983E+02
  0.50000000  0.50000000  0.50000000      -1     -1     -2       0.13943983E+02
  0.50000000  0.50000000  0.50000000      -1      0      1       0.75695910E+01
  0.50000000  0.50000000  0.50000000      -1      1      0       0.75695910E+01
  0.50000000  0.50000000  0.50000000       0     -1      1       0.75695910E+01
  0.50000000  0.50000000  0.50000000       0      1     -1       0.75695910E+01
  0.50000000  0.50000000  0.50000000       1     -1      0       0.75695910E+01
  0.50000000  0.50000000  0.50000000       1      0     -1       0.75695910E+01
  0.50000000  0.50000000  0.50000000       1      1      2       0.51948173E+01
  0.50000000  0.50000000  0.50000000       1      2      1       0.51948173E+01
  0.50000000  0.50000000  0.50000000       2      1      1       0.51948173E+01
