  0.00000000  0.00000000  0.00000000       0      0      0       0.00000000E+00
  0.00000000  0.00000000  0.00000000      -1     -1     -1       0.22077974E+02
  0.00000000  0.00000000  0.00000000      -1      0      0       0.22077974E+02
  0.00000000  0.00000000  0.00000000       0     -1      0       0.22077974E+02
  0.00000000  0.00000000  0.00000000       0      0     -1       0.22077974E+02
  0.00000000  0.00000000  0.00000000       0      0      1       0.22077974E+02
  0.00000000  0.00000000  0.00000000       0      1      0       0.22077974E+02
  0.00000000  0.00000000  0.00000000       1      0      0       0.22077974E+02
  0.00000000  0.00000000  0.00000000       1      1      1       0.22077974E+02
  0.00000000  0.00000000  0.00000000      -1     -1      0       0.16558480E+02
  0.00000000  0.00000000  0.00000000      -1      0     -1       0.16558480E+02
  0.00000000  0.00000000  0.00000000       0     -1     -1       0.16558480E+02
  0.00000000  0.00000000  0.00000000       0      1      1       0.16558480E+02
  0.00000000  0.00000000  0.00000000       1      0      1       0.16558480E+02
  0.00000000  0.00000000  0.00000000       1      1      0       0.16558480E+02
  0.00000000  0.00000000  0.00000000      -2     -1     -1       0.82792401E+01
  0.00000000  0.00000000  0.00000000      -1     -2     -1       0.82792401E+01
  0.00000000  0.00000000  0.00000000      -1     -1     -2       0.82792401E+01
  0.00000000  0.00000000  0.00000000      -1      0      1       0.82792401E+01
  0.00000000  0.00000000  0.00000000      -1      1      0       0.82792401E+01
  0.00000000  0.00000000  0.00000000       0     -1      1       0.82792401E+01
  0.00000000  0.00000000  0.00000000       0      1     -1       0.82792401E+01
  0.00000000  0.00000000  0.00000000       1     -1      0       0.82792401E+01
  0.00000000  0.00000000  0.00000000       1      0     -1       0.82792401E+01
  0.00000000  0.00000000  0.00000000       1      1      2       0.82792401E+01
  0.00000000  0.00000000  0.00000000       1      2      1       0.82792401E+01
  0.00000000  0.00000000  0.00000000       2      1      1       0.82792401E+01
