  0.00000000  0.00000000  0.00000000       0      0      0       0.81611223E+03
  0.00000000  0.00000000  0.00000000      -1     -1     -1       0.22412204E+02
  0.00000000  0.00000000  0.00000000      -1      0      0       0.22472685E+02
  0.00000000  0.00000000  0.00000000       0     -1      0       0.22437454E+02
  0.00000000  0.00000000  0.00000000       0      0     -1       0.22403971E+02
  0.00000000  0.00000000  0.00000000       0      0      1       0.22467790E+02
  0.00000000  0.00000000  0.00000000       0      1      0       0.22445959E+02
  0.00000000  0.00000000  0.00000000       1      0      0       0.22441041E+02
  0.00000000  0.00000000  0.00000000       1      1      1       0.22456377E+02
  0.00000000  0.00000000  0.00000000      -1     -1      0       0.16778211E+02
  0.00000000  0.00000000  0.00000000      -1      0     -1       0.16783764E+02
  0.00000000  0.00000000  0.00000000       0     -1     -1       0.16753235E+02
  0.00000000  0.00000000  0.00000000       0      1      1       0.16797772E+02
  0.00000000  0.00000000  0.00000000       1      0      1       0.16778224E+02
  0.00000000  0.00000000  0.00000000       1      1      0       0.16773640E+02
  0.00000000  0.00000000  0.50000000       0      0     -1       0.93843473E+02
  0.00000000  0.00000000  0.50000000       0      0      0       0.94158616E+02
  0.00000000  0.00000000  0.50000000      -1     -1     -1       0.24532699E+02
  0.00000000  0.00000000  0.50000000      -1      0     -1       0.24542510E+02
  0.00000000  0.00000000  0.50000000       0     -1     -1       0.24531655E+02
  0.00000000  0.00000000  0.50000000       0      1      0       0.24541399E+02
  0.00000000  0.00000000  0.50000000       1      0      0       0.24578561E+02
  0.00000000  0.00000000  0.50000000       1      1      0       0.24546249E+02
  0.00000000  0.00000000  0.50000000      -1     -1     -2       0.14078847E+02
  0.00000000  0.00000000  0.50000000      -1      0      0       0.14102460E+02
  0.00000000  0.00000000  0.50000000       0     -1      0       0.14095271E+02
  0.00000000  0.00000000  0.50000000       0      1     -1       0.14088010E+02
  0.00000000  0.00000000  0.50000000       1      0     -1       0.14080925E+02
  0.00000000  0.00000000  0.50000000       1      1      1       0.14101500E+02
  0.00000000  0.50000000  0.00000000       0     -1      0       0.93914347E+02
  0.00000000  0.50000000  0.00000000       0      0      0       0.93987326E+02
  0.00000000  0.50000000  0.00000000      -1     -1     -1       0.24511762E+02
  0.00000000  0.50000000  0.00000000      -1     -1      0       0.24557624E+02
  0.00000000  0.50000000  0.00000000       0     -1     -1       0.24501246E+02
  0.00000000  0.50000000  0.00000000       0      0      1       0.24560944E+02
  0.00000000  0.50000000  0.00000000       1      0      0       0.24546124E+02
  0.00000000  0.50000000  0.00000000       1      0      1       0.24574954E+02
  0.00000000  0.50000000  0.00000000      -1     -2     -1       0.14079635E+02
  0.00000000  0.50000000  0.00000000      -1      0      0       0.14103124E+02
  0.00000000  0.50000000  0.00000000       0     -1      1       0.14101496E+02
  0.00000000  0.50000000  0.00000000       0      0     -1       0.14081486E+02
  0.00000000  0.50000000  0.00000000       1     -1      0       0.14086855E+02
  0.00000000  0.50000000  0.00000000       1      1      1       0.14094619E+02
  0.00000000  0.50000000  0.50000000       0     -1     -1       0.70283236E+02
  0.00000000  0.50000000  0.50000000       0      0      0       0.70518122E+02
  0.00000000  0.50000000  0.50000000      -1     -1     -1       0.33957473E+02
  0.00000000  0.50000000  0.50000000       0     -1      0       0.34024144E+02
  0.00000000  0.50000000  0.50000000       0      0     -1       0.33909611E+02
  0.00000000  0.50000000  0.50000000       1      0      0       0.34024033E+02
  0.00000000  0.50000000  0.50000000      -1     -2     -1       0.13368822E+02
  0.00000000  0.50000000  0.50000000      -1     -1     -2       0.13375781E+02
  0.00000000  0.50000000  0.50000000      -1     -1      0       0.13386142E+02
  0.00000000  0.50000000  0.50000000      -1      0     -1       0.13398050E+02
  0.00000000  0.50000000  0.50000000       1     -1      0       0.13376789E+02
  0.00000000  0.50000000  0.50000000       1      0     -1       0.13372559E+02
  0.00000000  0.50000000  0.50000000       1      0      1       0.13391137E+02
  0.00000000  0.50000000  0.50000000       1      1      0       0.13388070E+02
  0.50000000  0.00000000  0.00000000      -1      0      0       0.94147446E+02
  0.50000000  0.00000000  0.00000000       0      0      0       0.94012062E+02
  0.50000000  0.00000000  0.00000000      -1     -1     -1       0.24498439E+02
  0.50000000  0.00000000  0.00000000      -1     -1      0       0.24549376E+02
  0.50000000  0.00000000  0.00000000      -1      0     -1       0.24500502E+02
  0.50000000  0.00000000  0.00000000       0      0      1       0.24578655E+02
  0.50000000  0.00000000  0.00000000       0      1      0       0.24525170E+02
  0.50000000  0.00000000  0.00000000       0      1      1       0.24550310E+02
  0.50000000  0.00000000  0.00000000      -2     -1     -1       0.14087571E+02
  0.50000000  0.00000000  0.00000000      -1      0      1       0.14103943E+02
  0.50000000  0.00000000  0.00000000      -1      1      0       0.14100039E+02
  0.50000000  0.00000000  0.00000000       0     -1      0       0.14088980E+02
  0.50000000  0.00000000  0.00000000       0      0     -1       0.14078330E+02
  0.50000000  0.00000000  0.00000000       1      1      1       0.14090644E+02
  0.50000000  0.00000000  0.50000000      -1      0     -1       0.70381935E+02
  0.50000000  0.00000000  0.50000000       0      0      0       0.70501765E+02
  0.50000000  0.00000000  0.50000000      -1     -1     -1       0.33927563E+02
  0.50000000  0.00000000  0.50000000      -1      0      0       0.34016400E+02
  0.50000000  0.00000000  0.50000000       0      0     -1       0.33932641E+02
  0.50000000  0.00000000  0.50000000       0      1      0       0.33986945E+02
  0.50000000  0.00000000  0.50000000      -2     -1     -1       0.13379065E+02
  0.50000000  0.00000000  0.50000000      -1     -1     -2       0.13363524E+02
  0.50000000  0.00000000  0.50000000      -1     -1      0       0.13379093E+02
  0.50000000  0.00000000  0.50000000      -1      1      0       0.13401380E+02
  0.50000000  0.00000000  0.50000000       0     -1     -1       0.13366792E+02
  0.50000000  0.00000000  0.50000000       0      1     -1       0.13381365E+02
  0.50000000  0.00000000  0.50000000       0      1      1       0.13396959E+02
  0.50000000  0.00000000  0.50000000       1      1      0       0.13379403E+02
  0.50000000  0.50000000  0.00000000      -1     -1      0       0.70447498E+02
  0.50000000  0.50000000  0.00000000       0      0      0       0.70484457E+02
  0.50000000  0.50000000  0.00000000      -1     -1     -1       0.33864947E+02
  0.50000000  0.50000000  0.00000000      -1      0      0       0.33975743E+02
  0.50000000  0.50000000  0.00000000       0     -1      0       0.33996693E+02
  0.50000000  0.50000000  0.00000000       0      0      1       0.34041849E+02
  0.50000000  0.50000000  0.00000000      -2     -1     -1       0.13386336E+02
  0.50000000  0.50000000  0.00000000      -1     -2     -1       0.13362825E+02
  0.50000000  0.50000000  0.00000000      -1      0     -1       0.13386188E+02
  0.50000000  0.50000000  0.00000000      -1      0      1       0.13396886E+02
  0.50000000  0.50000000  0.00000000       0     -1     -1       0.13365316E+02
  0.50000000  0.50000000  0.00000000       0     -1      1       0.13384290E+02
  0.50000000  0.50000000  0.00000000       0      1      1       0.13397479E+02
  0.50000000  0.50000000  0.00000000       1      0      1       0.13382004E+02
  0.50000000  0.50000000  0.50000000      -1     -1     -1       0.93824307E+02
  0.50000000  0.50000000  0.50000000       0      0      0       0.94130486E+02
  0.50000000  0.50000000  0.50000000      -1     -1      0       0.24564599E+02
  0.50000000  0.50000000  0.50000000      -1      0     -1       0.24525270E+02
  0.50000000  0.50000000  0.50000000      -1      0      0       0.24556213E+02
  0.50000000  0.50000000  0.50000000       0     -1     -1       0.24537537E+02
  0.50000000  0.50000000  0.50000000       0     -1      0       0.24577924E+02
  0.50000000  0.50000000  0.50000000       0      0     -1       0.24517099E+02
  0.50000000  0.50000000  0.50000000      -2     -1     -1       0.14096288E+02
  0.50000000  0.50000000  0.50000000      -1     -2     -1       0.14083492E+02
  0.50000000  0.50000000  0.50000000      -1     -1     -2       0.14077956E+02
  0.50000000  0.50000000  0.50000000       0      0      1       0.14105691E+02
  0.50000000  0.50000000  0.50000000       0      1      0       0.14094180E+02
  0.50000000  0.50000000  0.50000000       1      0      0       0.14086266E+02
  0.00000000  0.00000000  0.00000000       0      0      0       0.81611223E+03
  0.00000000  0.00000000  0.00000000      -1     -1     -1       0.22412204E+02
  0.00000000  0.00000000  0.00000000      -1      0      0       0.22472685E+02
  0.00000000  0.00000000  0.00000000       0     -1      0       0.22437454E+02
  0.00000000  0.00000000  0.00000000       0      0     -1       0.22403971E+02
  0.00000000  0.00000000  0.00000000       0      0      1       0.22467790E+02
  0.00000000  0.00000000  0.00000000       0      1      0       0.22445959E+02
  0.00000000  0.00000000  0.00000000       1      0      0       0.22441041E+02
  0.00000000  0.00000000  0.00000000       1      1      1       0.22456377E+02
  0.00000000  0.00000000  0.00000000      -1     -1      0       0.16778211E+02
  0.00000000  0.00000000  0.00000000      -1      0     -1       0.16783764E+02
  0.00000000  0.00000000  0.00000000       0     -1     -1       0.16753235E+02
  0.00000000  0.00000000  0.00000000       0      1      1       0.16797772E+02
  0.00000000  0.00000000  0.00000000       1      0      1       0.16778224E+02
  0.00000000  0.00000000  0.00000000       1      1      0       0.16773640E+02
  0.00000000  0.00000000  0.50000000       0      0     -1       0.93843473E+02
  0.00000000  0.00000000  0.50000000       0      0      0       0.94158616E+02
  0.00000000  0.00000000  0.50000000      -1     -1     -1       0.24532699E+02
  0.00000000  0.00000000  0.50000000      -1      0     -1       0.24542510E+02
  0.00000000  0.00000000  0.50000000       0     -1     -1       0.24531655E+02
  0.00000000  0.00000000  0.50000000       0      1      0       0.24541399E+02
  0.00000000  0.00000000  0.50000000       1      0      0       0.24578561E+02
  0.00000000  0.00000000  0.50000000       1      1      0       0.24546249E+02
  0.00000000  0.00000000  0.50000000      -1     -1     -2       0.14078847E+02
  0.00000000  0.00000000  0.50000000      -1      0      0       0.14102460E+02
  0.00000000  0.00000000  0.50000000       0     -1      0       0.14095271E+02
  0.00000000  0.00000000  0.50000000       0      1     -1       0.14088010E+02
  0.00000000  0.00000000  0.50000000       1      0     -1       0.14080925E+02
  0.00000000  0.00000000  0.50000000       1      1      1       0.14101500E+02
  0.00000000  0.50000000  0.00000000       0     -1      0       0.93914347E+02
  0.00000000  0.50000000  0.00000000       0      0      0       0.93987326E+02
  0.00000000  0.50000000  0.00000000      -1     -1     -1       0.24511762E+02
  0.00000000  0.50000000  0.00000000      -1     -1      0       0.24557624E+02
  0.00000000  0.50000000  0.00000000       0     -1     -1       0.24501246E+02
  0.00000000  0.50000000  0.00000000       0      0      1       0.24560944E+02
  0.00000000  0.50000000  0.00000000       1      0      0       0.24546124E+02
  0.00000000  0.50000000  0.00000000       1      0      1       0.24574954E+02
  0.00000000  0.50000000  0.00000000      -1     -2     -1       0.14079635E+02
  0.00000000  0.50000000  0.00000000      -1      0      0       0.14103124E+02
  0.00000000  0.50000000  0.00000000       0     -1      1       0.14101496E+02
  0.00000000  0.50000000  0.00000000       0      0     -1       0.14081486E+02
  0.00000000  0.50000000  0.00000000       1     -1      0       0.14086855E+02
  0.00000000  0.50000000  0.00000000       1      1      1       0.14094619E+02
  0.00000000  0.50000000  0.50000000       0     -1     -1       0.70283236E+02
  0.00000000  0.50000000  0.50000000       0      0      0       0.70518122E+02
  0.00000000  0.50000000  0.50000000      -1     -1     -1       0.33957473E+02
  0.00000000  0.50000000  0.50000000       0     -1      0       0.34024144E+02
  0.00000000  0.50000000  0.50000000       0      0     -1       0.33909611E+02
  0.00000000  0.50000000  0.50000000       1      0      0       0.34024033E+02
  0.00000000  0.50000000  0.50000000      -1     -2     -1       0.13368822E+02
  0.00000000  0.50000000  0.50000000      -1     -1     -2       0.13375781E+02
  0.00000000  0.50000000  0.50000000      -1     -1      0       0.13386142E+02
  0.00000000  0.50000000  0.50000000      -1      0     -1       0.13398050E+02
  0.00000000  0.50000000  0.50000000       1     -1      0       0.13376789E+02
  0.00000000  0.50000000  0.50000000       1      0     -1       0.13372559E+02
  0.00000000  0.50000000  0.50000000       1      0      1       0.13391137E+02
  0.00000000  0.50000000  0.50000000       1      1      0       0.13388070E+02
  0.50000000  0.00000000  0.00000000      -1      0      0       0.94147446E+02
  0.50000000  0.00000000  0.00000000       0      0      0       0.94012062E+02
  0.50000000  0.00000000  0.00000000      -1     -1     -1       0.24498439E+02
  0.50000000  0.00000000  0.00000000      -1     -1      0       0.24549376E+02
  0.50000000  0.00000000  0.00000000      -1      0     -1       0.24500502E+02
  0.50000000  0.00000000  0.00000000       0      0      1       0.24578655E+02
  0.50000000  0.00000000  0.00000000       0      1      0       0.24525170E+02
  0.50000000  0.00000000  0.00000000       0      1      1       0.24550310E+02
  0.50000000  0.00000000  0.00000000      -2     -1     -1       0.14087571E+02
  0.50000000  0.00000000  0.00000000      -1      0      1       0.14103943E+02
  0.50000000  0.00000000  0.00000000      -1      1      0       0.14100039E+02
  0.50000000  0.00000000  0.00000000       0     -1      0       0.14088980E+02
  0.50000000  0.00000000  0.00000000       0      0     -1       0.14078330E+02
  0.50000000  0.00000000  0.00000000       1      1      1       0.14090644E+02
  0.50000000  0.00000000  0.50000000      -1      0     -1       0.70381935E+02
  0.50000000  0.00000000  0.50000000       0      0      0       0.70501765E+02
  0.50000000  0.00000000  0.50000000      -1     -1     -1       0.33927563E+02
  0.50000000  0.00000000  0.50000000      -1      0      0       0.34016400E+02
  0.50000000  0.00000000  0.50000000       0      0     -1       0.33932641E+02
  0.50000000  0.00000000  0.50000000       0      1      0       0.33986945E+02
  0.50000000  0.00000000  0.50000000      -2     -1     -1       0.13379065E+02
  0.50000000  0.00000000  0.50000000      -1     -1     -2       0.13363524E+02
  0.50000000  0.00000000  0.50000000      -1     -1      0       0.13379093E+02
  0.50000000  0.00000000  0.50000000      -1      1      0       0.13401380E+02
  0.50000000  0.00000000  0.50000000       0     -1     -1       0.13366792E+02
  0.50000000  0.00000000  0.50000000       0      1     -1       0.13381365E+02
  0.50000000  0.00000000  0.50000000       0      1      1       0.13396959E+02
  0.50000000  0.00000000  0.50000000       1      1      0       0.13379403E+02
  0.50000000  0.50000000  0.00000000      -1     -1      0       0.70447498E+02
  0.50000000  0.50000000  0.00000000       0      0      0       0.70484457E+02
  0.50000000  0.50000000  0.00000000      -1     -1     -1       0.33864947E+02
  0.50000000  0.50000000  0.00000000      -1      0      0       0.33975743E+02
  0.50000000  0.50000000  0.00000000       0     -1      0       0.33996693E+02
  0.50000000  0.50000000  0.00000000       0      0      1       0.34041849E+02
  0.50000000  0.50000000  0.00000000      -2     -1     -1       0.13386336E+02
  0.50000000  0.50000000  0.00000000      -1     -2     -1       0.13362825E+02
  0.50000000  0.50000000  0.00000000      -1      0     -1       0.13386188E+02
  0.50000000  0.50000000  0.00000000      -1      0      1       0.13396886E+02
  0.50000000  0.50000000  0.00000000       0     -1     -1       0.13365316E+02
  0.50000000  0.50000000  0.00000000       0     -1      1       0.13384290E+02
  0.50000000  0.50000000  0.00000000       0      1      1       0.13397479E+02
  0.50000000  0.50000000  0.00000000       1      0      1       0.13382004E+02
  0.50000000  0.50000000  0.50000000      -1     -1     -1       0.93824307E+02
  0.50000000  0.50000000  0.50000000       0      0      0       0.94130486E+02
  0.50000000  0.50000000  0.50000000      -1     -1      0       0.24564599E+02
  0.50000000  0.50000000  0.50000000      -1      0     -1       0.24525270E+02
  0.50000000  0.50000000  0.50000000      -1      0      0       0.24556213E+02
  0.50000000  0.50000000  0.50000000       0     -1     -1       0.24537537E+02
  0.50000000  0.50000000  0.50000000       0     -1      0       0.24577924E+02
  0.50000000  0.50000000  0.50000000       0      0     -1       0.24517099E+02
  0.50000000  0.50000000  0.50000000      -2     -1     -1       0.14096288E+02
  0.50000000  0.50000000  0.50000000      -1     -2     -1       0.14083492E+02
  0.50000000  0.50000000  0.50000000      -1     -1     -2       0.14077956E+02
  0.50000000  0.50000000  0.50000000       0      0      1       0.14105691E+02
  0.50000000  0.50000000  0.50000000       0      1      0       0.14094180E+02
  0.50000000  0.50000000  0.50000000       1      0      0       0.14086266E+02
  0.00000000  0.00000000  0.00000000       0      0      0       0.81611223E+03
  0.00000000  0.00000000  0.00000000      -1     -1     -1       0.22412204E+02
  0.00000000  0.00000000  0.00000000      -1      0      0       0.22472685E+02
  0.00000000  0.00000000  0.00000000       0     -1      0       0.22437454E+02
  0.00000000  0.00000000  0.00000000       0      0     -1       0.22403971E+02
  0.00000000  0.00000000  0.00000000       0      0      1       0.22467790E+02
  0.00000000  0.00000000  0.00000000       0      1      0       0.22445959E+02
  0.00000000  0.00000000  0.00000000       1      0      0       0.22441041E+02
  0.00000000  0.00000000  0.00000000       1      1      1       0.22456377E+02
  0.00000000  0.00000000  0.00000000      -1     -1      0       0.16778211E+02
  0.00000000  0.00000000  0.00000000      -1      0     -1       0.16783764E+02
  0.00000000  0.00000000  0.00000000       0     -1     -1       0.16753235E+02
  0.00000000  0.00000000  0.00000000       0      1      1       0.16797772E+02
  0.00000000  0.00000000  0.00000000       1      0      1       0.16778224E+02
  0.00000000  0.00000000  0.00000000       1      1      0       0.16773640E+02
  0.00000000  0.00000000  0.50000000       0      0     -1       0.93843473E+02
  0.00000000  0.00000000  0.50000000       0      0      0       0.94158616E+02
  0.00000000  0.00000000  0.50000000      -1     -1     -1       0.24532699E+02
  0.00000000  0.00000000  0.50000000      -1      0     -1       0.24542510E+02
  0.00000000  0.00000000  0.50000000       0     -1     -1       0.24531655E+02
  0.00000000  0.00000000  0.50000000       0      1      0       0.24541399E+02
  0.00000000  0.00000000  0.50000000       1      0      0       0.24578561E+02
  0.00000000  0.00000000  0.50000000       1      1      0       0.24546249E+02
  0.00000000  0.00000000  0.50000000      -1     -1     -2       0.14078847E+02
  0.00000000  0.00000000  0.50000000      -1      0      0       0.14102460E+02
  0.00000000  0.00000000  0.50000000       0     -1      0       0.14095271E+02
  0.00000000  0.00000000  0.50000000       0      1     -1       0.14088010E+02
  0.00000000  0.00000000  0.50000000       1      0     -1       0.14080925E+02
  0.00000000  0.00000000  0.50000000       1      1      1       0.14101500E+02
  0.00000000  0.50000000  0.00000000       0     -1      0       0.93914347E+02
  0.00000000  0.50000000  0.00000000       0      0      0       0.93987326E+02
  0.00000000  0.50000000  0.00000000      -1     -1     -1       0.24511762E+02
  0.00000000  0.50000000  0.00000000      -1     -1      0       0.24557624E+02
  0.00000000  0.50000000  0.00000000       0     -1     -1       0.24501246E+02
  0.00000000  0.50000000  0.00000000       0      0      1       0.24560944E+02
  0.00000000  0.50000000  0.00000000       1      0      0       0.24546124E+02
  0.00000000  0.50000000  0.00000000       1      0      1       0.24574954E+02
  0.00000000  0.50000000  0.00000000      -1     -2     -1       0.14079635E+02
  0.00000000  0.50000000  0.00000000      -1      0      0       0.14103124E+02
  0.00000000  0.50000000  0.00000000       0     -1      1       0.14101496E+02
  0.00000000  0.50000000  0.00000000       0      0     -1       0.14081486E+02
  0.00000000  0.50000000  0.00000000       1     -1      0       0.14086855E+02
  0.00000000  0.50000000  0.00000000       1      1      1       0.14094619E+02
  0.00000000  0.50000000  0.50000000       0     -1     -1       0.70283236E+02
  0.00000000  0.50000000  0.50000000       0      0      0       0.70518122E+02
  0.00000000  0.50000000  0.50000000      -1     -1     -1       0.33957473E+02
  0.00000000  0.50000000  0.50000000       0     -1      0       0.34024144E+02
  0.00000000  0.50000000  0.50000000       0      0     -1       0.33909611E+02
  0.00000000  0.50000000  0.50000000       1      0      0       0.34024033E+02
  0.00000000  0.50000000  0.50000000      -1     -2     -1       0.13368822E+02
  0.00000000  0.50000000  0.50000000      -1     -1     -2       0.13375781E+02
  0.00000000  0.50000000  0.50000000      -1     -1      0       0.13386142E+02
  0.00000000  0.50000000  0.50000000      -1      0     -1       0.13398050E+02
  0.00000000  0.50000000  0.50000000       1     -1      0       0.13376789E+02
  0.00000000  0.50000000  0.50000000       1      0     -1       0.13372559E+02
  0.00000000  0.50000000  0.50000000       1      0      1       0.13391137E+02
  0.00000000  0.50000000  0.50000000       1      1      0       0.13388070E+02
  0.50000000  0.00000000  0.00000000      -1      0      0       0.94147446E+02
  0.50000000  0.00000000  0.00000000       0      0      0       0.94012062E+02
  0.50000000  0.00000000  0.00000000      -1     -1     -1       0.24498439E+02
  0.50000000  0.00000000  0.00000000      -1     -1      0       0.24549376E+02
  0.50000000  0.00000000  0.00000000      -1      0     -1       0.24500502E+02
  0.50000000  0.00000000  0.00000000       0      0      1       0.24578655E+02
  0.50000000  0.00000000  0.00000000       0      1      0       0.24525170E+02
  0.50000000  0.00000000  0.00000000       0      1      1       0.24550310E+02
  0.50000000  0.00000000  0.00000000      -2     -1     -1       0.14087571E+02
  0.50000000  0.00000000  0.00000000      -1      0      1       0.14103943E+02
  0.50000000  0.00000000  0.00000000      -1      1      0       0.14100039E+02
  0.50000000  0.00000000  0.00000000       0     -1      0       0.14088980E+02
  0.50000000  0.00000000  0.00000000       0      0     -1       0.14078330E+02
  0.50000000  0.00000000  0.00000000       1      1      1       0.14090644E+02
  0.50000000  0.00000000  0.50000000      -1      0     -1       0.70381935E+02
  0.50000000  0.00000000  0.50000000       0      0      0       0.70501765E+02
  0.50000000  0.00000000  0.50000000      -1     -1     -1       0.33927563E+02
  0.50000000  0.00000000  0.50000000      -1      0      0       0.34016400E+02
  0.50000000  0.00000000  0.50000000       0      0     -1       0.33932641E+02
  0.50000000  0.00000000  0.50000000       0      1      0       0.33986945E+02
  0.50000000  0.00000000  0.50000000      -2     -1     -1       0.13379065E+02
  0.50000000  0.00000000  0.50000000      -1     -1     -2       0.13363524E+02
  0.50000000  0.00000000  0.50000000      -1     -1      0       0.13379093E+02
  0.50000000  0.00000000  0.50000000      -1      1      0       0.13401380E+02
  0.50000000  0.00000000  0.50000000       0     -1     -1       0.13366792E+02
  0.50000000  0.00000000  0.50000000       0      1     -1       0.13381365E+02
  0.50000000  0.00000000  0.50000000       0      1      1       0.13396959E+02
  0.50000000  0.00000000  0.50000000       1      1      0       0.13379403E+02
  0.50000000  0.50000000  0.00000000      -1     -1      0       0.70447498E+02
  0.50000000  0.50000000  0.00000000       0      0      0       0.70484457E+02
  0.50000000  0.50000000  0.00000000      -1     -1     -1       0.33864947E+02
  0.50000000  0.50000000  0.00000000      -1      0      0       0.33975743E+02
  0.50000000  0.50000000  0.00000000       0     -1      0       0.33996693E+02
  0.50000000  0.50000000  0.00000000       0      0      1       0.34041849E+02
  0.50000000  0.50000000  0.00000000      -2     -1     -1       0.13386336E+02
  0.50000000  0.50000000  0.00000000      -1     -2     -1       0.13362825E+02
  0.50000000  0.50000000  0.00000000      -1      0     -1       0.13386188E+02
  0.50000000  0.50000000  0.00000000      -1      0      1       0.13396886E+02
  0.50000000  0.50000000  0.00000000       0     -1     -1       0.13365316E+02
  0.50000000  0.50000000  0.00000000       0     -1      1       0.13384290E+02
  0.50000000  0.50000000  0.00000000       0      1      1       0.13397479E+02
  0.50000000  0.50000000  0.00000000       1      0      1       0.13382004E+02
  0.50000000  0.50000000  0.50000000      -1     -1     -1       0.93824307E+02
  0.50000000  0.50000000  0.50000000       0      0      0       0.94130486E+02
  0.50000000  0.50000000  0.50000000      -1     -1      0       0.24564599E+02
  0.50000000  0.50000000  0.50000000      -1      0     -1       0.24525270E+02
  0.50000000  0.50000000  0.50000000      -1      0      0       0.24556213E+02
  0.50000000  0.50000000  0.50000000       0     -1     -1       0.24537537E+02
  0.50000000  0.50000000  0.50000000       0     -1      0       0.24577924E+02
  0.50000000  0.50000000  0.50000000       0      0     -1       0.24517099E+02
  0.50000000  0.50000000  0.50000000      -2     -1     -1       0.14096288E+02
  0.50000000  0.50000000  0.50000000      -1     -2     -1       0.14083492E+02
  0.50000000  0.50000000  0.50000000      -1     -1     -2       0.14077956E+02
  0.50000000  0.50000000  0.50000000       0      0      1       0.14105691E+02
  0.50000000  0.50000000  0.50000000       0      1      0       0.14094180E+02
  0.50000000  0.50000000  0.50000000       1      0      0       0.14086266E+02
  0.00000000  0.00000000  0.00000000       0      0      0       0.81611223E+03
  0.00000000  0.00000000  0.00000000      -1     -1     -1       0.22412204E+02
  0.00000000  0.00000000  0.00000000      -1      0      0       0.22472685E+02
  0.00000000  0.00000000  0.00000000       0     -1      0       0.22437454E+02
  0.00000000  0.00000000  0.00000000       0      0     -1       0.22403971E+02
  0.00000000  0.00000000  0.00000000       0      0      1       0.22467790E+02
  0.00000000  0.00000000  0.00000000       0      1      0       0.22445959E+02
  0.00000000  0.00000000  0.00000000       1      0      0       0.22441041E+02
  0.00000000  0.00000000  0.00000000       1      1      1       0.22456377E+02
  0.00000000  0.00000000  0.00000000      -1     -1      0       0.16778211E+02
  0.00000000  0.00000000  0.00000000      -1      0     -1       0.16783764E+02
  0.00000000  0.00000000  0.00000000       0     -1     -1       0.16753235E+02
  0.00000000  0.00000000  0.00000000       0      1      1       0.16797772E+02
  0.00000000  0.00000000  0.00000000       1      0      1       0.16778224E+02
  0.00000000  0.00000000  0.00000000       1      1      0       0.16773640E+02
  0.00000000  0.00000000  0.50000000       0      0     -1       0.93843473E+02
  0.00000000  0.00000000  0.50000000       0      0      0       0.94158616E+02
  0.00000000  0.00000000  0.50000000      -1     -1     -1       0.24532699E+02
  0.00000000  0.00000000  0.50000000      -1      0     -1       0.24542510E+02
  0.00000000  0.00000000  0.50000000       0     -1     -1       0.24531655E+02
  0.00000000  0.00000000  0.50000000       0      1      0       0.24541399E+02
  0.00000000  0.00000000  0.50000000       1      0      0       0.24578561E+02
  0.00000000  0.00000000  0.50000000       1      1      0       0.24546249E+02
  0.00000000  0.00000000  0.50000000      -1     -1     -2       0.14078847E+02
  0.00000000  0.00000000  0.50000000      -1      0      0       0.14102460E+02
  0.00000000  0.00000000  0.50000000       0     -1      0       0.14095271E+02
  0.00000000  0.00000000  0.50000000       0      1     -1       0.14088010E+02
  0.00000000  0.00000000  0.50000000       1      0     -1       0.14080925E+02
  0.00000000  0.00000000  0.50000000       1      1      1       0.14101500E+02
  0.00000000  0.50000000  0.00000000       0     -1      0       0.93914347E+02
  0.00000000  0.50000000  0.00000000       0      0      0       0.93987326E+02
  0.00000000  0.50000000  0.00000000      -1     -1     -1       0.24511762E+02
  0.00000000  0.50000000  0.00000000      -1     -1      0       0.24557624E+02
  0.00000000  0.50000000  0.00000000       0     -1     -1       0.24501246E+02
  0.00000000  0.50000000  0.00000000       0      0      1       0.24560944E+02
  0.00000000  0.50000000  0.00000000       1      0      0       0.24546124E+02
  0.00000000  0.50000000  0.00000000       1      0      1       0.24574954E+02
  0.00000000  0.50000000  0.00000000      -1     -2     -1       0.14079635E+02
  0.00000000  0.50000000  0.00000000      -1      0      0       0.14103124E+02
  0.00000000  0.50000000  0.00000000       0     -1      1       0.14101496E+02
  0.00000000  0.50000000  0.00000000       0      0     -1       0.14081486E+02
  0.00000000  0.50000000  0.00000000       1     -1      0       0.14086855E+02
  0.00000000  0.50000000  0.00000000       1      1      1       0.14094619E+02
  0.00000000  0.50000000  0.50000000       0     -1     -1       0.70283236E+02
  0.00000000  0.50000000  0.50000000       0      0      0       0.70518122E+02
  0.00000000  0.50000000  0.50000000      -1     -1     -1       0.33957473E+02
  0.00000000  0.50000000  0.50000000       0     -1      0       0.34024144E+02
  0.00000000  0.50000000  0.50000000       0      0     -1       0.33909611E+02
  0.00000000  0.50000000  0.50000000       1      0      0       0.34024033E+02
  0.00000000  0.50000000  0.50000000      -1     -2     -1       0.13368822E+02
  0.00000000  0.50000000  0.50000000      -1     -1     -2       0.13375781E+02
  0.00000000  0.50000000  0.50000000      -1     -1      0       0.13386142E+02
  0.00000000  0.50000000  0.50000000      -1      0     -1       0.13398050E+02
  0.00000000  0.50000000  0.50000000       1     -1      0       0.13376789E+02
  0.00000000  0.50000000  0.50000000       1      0     -1       0.13372559E+02
  0.00000000  0.50000000  0.50000000       1      0      1       0.13391137E+02
  0.00000000  0.50000000  0.50000000       1      1      0       0.13388070E+02
  0.50000000  0.00000000  0.00000000      -1      0      0       0.94147446E+02
  0.50000000  0.00000000  0.00000000       0      0      0       0.94012062E+02
  0.50000000  0.00000000  0.00000000      -1     -1     -1       0.24498439E+02
  0.50000000  0.00000000  0.00000000      -1     -1      0       0.24549376E+02
  0.50000000  0.00000000  0.00000000      -1      0     -1       0.24500502E+02
  0.50000000  0.00000000  0.00000000       0      0      1       0.24578655E+02
  0.50000000  0.00000000  0.00000000       0      1      0       0.24525170E+02
  0.50000000  0.00000000  0.00000000       0      1      1       0.24550310E+02
  0.50000000  0.00000000  0.00000000      -2     -1     -1       0.14087571E+02
  0.50000000  0.00000000  0.00000000      -1      0      1       0.14103943E+02
  0.50000000  0.00000000  0.00000000      -1      1      0       0.14100039E+02
  0.50000000  0.00000000  0.00000000       0     -1      0       0.14088980E+02
  0.50000000  0.00000000  0.00000000       0      0     -1       0.14078330E+02
  0.50000000  0.00000000  0.00000000       1      1      1       0.14090644E+02
  0.50000000  0.00000000  0.50000000      -1      0     -1       0.70381935E+02
  0.50000000  0.00000000  0.50000000       0      0      0       0.70501765E+02
  0.50000000  0.00000000  0.50000000      -1     -1     -1       0.33927563E+02
  0.50000000  0.00000000  0.50000000      -1      0      0       0.34016400E+02
  0.50000000  0.00000000  0.50000000       0      0     -1       0.33932641E+02
  0.50000000  0.00000000  0.50000000       0      1      0       0.33986945E+02
  0.50000000  0.00000000  0.50000000      -2     -1     -1       0.13379065E+02
  0.50000000  0.00000000  0.50000000      -1     -1     -2       0.13363524E+02
  0.50000000  0.00000000  0.50000000      -1     -1      0       0.13379093E+02
  0.50000000  0.00000000  0.50000000      -1      1      0       0.13401380E+02
  0.50000000  0.00000000  0.50000000       0     -1     -1       0.13366792E+02
  0.50000000  0.00000000  0.50000000       0      1     -1       0.13381365E+02
  0.50000000  0.00000000  0.50000000       0      1      1       0.13396959E+02
  0.50000000  0.00000000  0.50000000       1      1      0       0.13379403E+02
  0.50000000  0.50000000  0.00000000      -1     -1      0       0.70447498E+02
  0.50000000  0.50000000  0.00000000       0      0      0       0.70484457E+02
  0.50000000  0.50000000  0.00000000      -1     -1     -1       0.33864947E+02
  0.50000000  0.50000000  0.00000000      -1      0      0       0.33975743E+02
  0.50000000  0.50000000  0.00000000       0     -1      0       0.33996693E+02
  0.50000000  0.50000000  0.00000000       0      0      1       0.34041849E+02
  0.50000000  0.50000000  0.00000000      -2     -1     -1       0.13386336E+02
  0.50000000  0.50000000  0.00000000      -1     -2     -1       0.13362825E+02
  0.50000000  0.50000000  0.00000000      -1      0     -1       0.13386188E+02
  0.50000000  0.50000000  0.00000000      -1      0      1       0.13396886E+02
  0.50000000  0.50000000  0.00000000       0     -1     -1       0.13365316E+02
  0.50000000  0.50000000  0.00000000       0     -1      1       0.13384290E+02
  0.50000000  0.50000000  0.00000000       0      1      1       0.13397479E+02
  0.50000000  0.50000000  0.00000000       1      0      1       0.13382004E+02
  0.50000000  0.50000000  0.50000000      -1     -1     -1       0.93824307E+02
  0.50000000  0.50000000  0.50000000       0      0      0       0.94130486E+02
  0.50000000  0.50000000  0.50000000      -1     -1      0       0.24564599E+02
  0.50000000  0.50000000  0.50000000      -1      0     -1       0.24525270E+02
  0.50000000  0.50000000  0.50000000      -1      0      0       0.24556213E+02
  0.50000000  0.50000000  0.50000000       0     -1     -1       0.24537537E+02
  0.50000000  0.50000000  0.50000000       0     -1      0       0.24577924E+02
  0.50000000  0.50000000  0.50000000       0      0     -1       0.24517099E+02
  0.50000000  0.50000000  0.50000000      -2     -1     -1       0.14096288E+02
  0.50000000  0.50000000  0.50000000      -1     -2     -1       0.14083492E+02
  0.50000000  0.50000000  0.50000000      -1     -1     -2       0.14077956E+02
  0.50000000  0.50000000  0.50000000       0      0      1       0.14105691E+02
  0.50000000  0.50000000  0.50000000       0      1      0       0.14094180E+02
  0.50000000  0.50000000  0.50000000       1      0      0       0.14086266E+02
  0.00000000  0.00000000  0.00000000       0      0      0       0.81611223E+03
  0.00000000  0.00000000  0.00000000      -1     -1     -1       0.22412204E+02
  0.00000000  0.00000000  0.00000000      -1      0      0       0.22472685E+02
  0.00000000  0.00000000  0.00000000       0     -1      0       0.22437454E+02
  0.00000000  0.00000000  0.00000000       0      0     -1       0.22403971E+02
  0.00000000  0.00000000  0.00000000       0      0      1       0.22467790E+02
  0.00000000  0.00000000  0.00000000       0      1      0       0.22445959E+02
  0.00000000  0.00000000  0.00000000       1      0      0       0.22441041E+02
  0.00000000  0.00000000  0.00000000       1      1      1       0.22456377E+02
  0.00000000  0.00000000  0.00000000      -1     -1      0       0.16778211E+02
  0.00000000  0.00000000  0.00000000      -1      0     -1       0.16783764E+02
  0.00000000  0.00000000  0.00000000       0     -1     -1       0.16753235E+02
  0.00000000  0.00000000  0.00000000       0      1      1       0.16797772E+02
  0.00000000  0.00000000  0.00000000       1      0      1       0.16778224E+02
  0.00000000  0.00000000  0.00000000       1      1      0       0.16773640E+02
  0.00000000  0.00000000  0.50000000       0      0     -1       0.93843473E+02
  0.00000000  0.00000000  0.50000000       0      0      0       0.94158616E+02
  0.00000000  0.00000000  0.50000000      -1     -1     -1       0.24532699E+02
  0.00000000  0.00000000  0.50000000      -1      0     -1       0.24542510E+02
  0.00000000  0.00000000  0.50000000       0     -1     -1       0.24531655E+02
  0.00000000  0.00000000  0.50000000       0      1      0       0.24541399E+02
  0.00000000  0.00000000  0.50000000       1      0      0       0.24578561E+02
  0.00000000  0.00000000  0.50000000       1      1      0       0.24546249E+02
  0.00000000  0.00000000  0.50000000      -1     -1     -2       0.14078847E+02
  0.00000000  0.00000000  0.50000000      -1      0      0       0.14102460E+02
  0.00000000  0.00000000  0.50000000       0     -1      0       0.14095271E+02
  0.00000000  0.00000000  0.50000000       0      1     -1       0.14088010E+02
  0.00000000  0.00000000  0.50000000       1      0     -1       0.14080925E+02
  0.00000000  0.00000000  0.50000000       1      1      1       0.14101500E+02
  0.00000000  0.50000000  0.00000000       0     -1      0       0.93914347E+02
  0.00000000  0.50000000  0.00000000       0      0      0       0.93987326E+02
  0.00000000  0.50000000  0.00000000      -1     -1     -1       0.24511762E+02
  0.00000000  0.50000000  0.00000000      -1     -1      0       0.24557624E+02
  0.00000000  0.50000000  0.00000000       0     -1     -1       0.24501246E+02
  0.00000000  0.50000000  0.00000000       0      0      1       0.24560944E+02
  0.00000000  0.50000000  0.00000000       1      0      0       0.24546124E+02
  0.00000000  0.50000000  0.00000000       1      0      1       0.24574954E+02
  0.00000000  0.50000000  0.00000000      -1     -2     -1       0.14079635E+02
  0.00000000  0.50000000  0.00000000      -1      0      0       0.14103124E+02
  0.00000000  0.50000000  0.00000000       0     -1      1       0.14101496E+02
  0.00000000  0.50000000  0.00000000       0      0     -1       0.14081486E+02
  0.00000000  0.50000000  0.00000000       1     -1      0       0.14086855E+02
  0.00000000  0.50000000  0.00000000       1      1      1       0.14094619E+02
  0.00000000  0.50000000  0.50000000       0     -1     -1       0.70283236E+02
  0.00000000  0.50000000  0.50000000       0      0      0       0.70518122E+02
  0.00000000  0.50000000  0.50000000      -1     -1     -1       0.33957473E+02
  0.00000000  0.50000000  0.50000000       0     -1      0       0.34024144E+02
  0.00000000  0.50000000  0.50000000       0      0     -1       0.33909611E+02
  0.00000000  0.50000000  0.50000000       1      0      0       0.34024033E+02
  0.00000000  0.50000000  0.50000000      -1     -2     -1       0.13368822E+02
  0.00000000  0.50000000  0.50000000      -1     -1     -2       0.13375781E+02
  0.00000000  0.50000000  0.50000000      -1     -1      0       0.13386142E+02
  0.00000000  0.50000000  0.50000000      -1      0     -1       0.13398050E+02
  0.00000000  0.50000000  0.50000000       1     -1      0       0.13376789E+02
  0.00000000  0.50000000  0.50000000       1      0     -1       0.13372559E+02
  0.00000000  0.50000000  0.50000000       1      0      1       0.13391137E+02
  0.00000000  0.50000000  0.50000000       1      1      0       0.13388070E+02
  0.50000000  0.00000000  0.00000000      -1      0      0       0.94147446E+02
  0.50000000  0.00000000  0.00000000       0      0      0       0.94012062E+02
  0.50000000  0.00000000  0.00000000      -1     -1     -1       0.24498439E+02
  0.50000000  0.00000000  0.00000000      -1     -1      0       0.24549376E+02
  0.50000000  0.00000000  0.00000000      -1      0     -1       0.24500502E+02
  0.50000000  0.00000000  0.00000000       0      0      1       0.24578655E+02
  0.50000000  0.00000000  0.00000000       0      1      0       0.24525170E+02
  0.50000000  0.00000000  0.00000000       0      1      1       0.24550310E+02
  0.50000000  0.00000000  0.00000000      -2     -1     -1       0.14087571E+02
  0.50000000  0.00000000  0.00000000      -1      0      1       0.14103943E+02
  0.50000000  0.00000000  0.00000000      -1      1      0       0.14100039E+02
  0.50000000  0.00000000  0.00000000       0     -1      0       0.14088980E+02
  0.50000000  0.00000000  0.00000000       0      0     -1       0.14078330E+02
  0.50000000  0.00000000  0.00000000       1      1      1       0.14090644E+02
  0.50000000  0.00000000  0.50000000      -1      0     -1       0.70381935E+02
  0.50000000  0.00000000  0.50000000       0      0      0       0.70501765E+02
  0.50000000  0.00000000  0.50000000      -1     -1     -1       0.33927563E+02
  0.50000000  0.00000000  0.50000000      -1      0      0       0.34016400E+02
  0.50000000  0.00000000  0.50000000       0      0     -1       0.33932641E+02
  0.50000000  0.00000000  0.50000000       0      1      0       0.33986945E+02
  0.50000000  0.00000000  0.50000000      -2     -1     -1       0.13379065E+02
  0.50000000  0.00000000  0.50000000      -1     -1     -2       0.13363524E+02
  0.50000000  0.00000000  0.50000000      -1     -1      0       0.13379093E+02
  0.50000000  0.00000000  0.50000000      -1      1      0       0.13401380E+02
  0.50000000  0.00000000  0.50000000       0     -1     -1       0.13366792E+02
  0.50000000  0.00000000  0.50000000       0      1     -1       0.13381365E+02
  0.50000000  0.00000000  0.50000000       0      1      1       0.13396959E+02
  0.50000000  0.00000000  0.50000000       1      1      0       0.13379403E+02
  0.50000000  0.50000000  0.00000000      -1     -1      0       0.70447498E+02
  0.50000000  0.50000000  0.00000000       0      0      0       0.70484457E+02
  0.50000000  0.50000000  0.00000000      -1     -1     -1       0.33864947E+02
  0.50000000  0.50000000  0.00000000      -1      0      0       0.33975743E+02
  0.50000000  0.50000000  0.00000000       0     -1      0       0.33996693E+02
  0.50000000  0.50000000  0.00000000       0      0      1       0.34041849E+02
  0.50000000  0.50000000  0.00000000      -2     -1     -1       0.13386336E+02
  0.50000000  0.50000000  0.00000000      -1     -2     -1       0.13362825E+02
  0.50000000  0.50000000  0.00000000      -1      0     -1       0.13386188E+02
  0.50000000  0.50000000  0.00000000      -1      0      1       0.13396886E+02
  0.50000000  0.50000000  0.00000000       0     -1     -1       0.13365316E+02
  0.50000000  0.50000000  0.00000000       0     -1      1       0.13384290E+02
  0.50000000  0.50000000  0.00000000       0      1      1       0.13397479E+02
  0.50000000  0.50000000  0.00000000       1      0      1       0.13382004E+02
  0.50000000  0.50000000  0.50000000      -1     -1     -1       0.93824307E+02
  0.50000000  0.50000000  0.50000000       0      0      0       0.94130486E+02
  0.50000000  0.50000000  0.50000000      -1     -1      0       0.24564599E+02
  0.50000000  0.50000000  0.50000000      -1      0     -1       0.24525270E+02
  0.50000000  0.50000000  0.50000000      -1      0      0       0.24556213E+02
  0.50000000  0.50000000  0.50000000       0     -1     -1       0.24537537E+02
  0.50000000  0.50000000  0.50000000       0     -1      0       0.24577924E+02
  0.50000000  0.50000000  0.50000000       0      0     -1       0.24517099E+02
  0.50000000  0.50000000  0.50000000      -2     -1     -1       0.14096288E+02
  0.50000000  0.50000000  0.50000000      -1     -2     -1       0.14083492E+02
  0.50000000  0.50000000  0.50000000      -1     -1     -2       0.14077956E+02
  0.50000000  0.50000000  0.50000000       0      0      1       0.14105691E+02
  0.50000000  0.50000000  0.50000000       0      1      0       0.14094180E+02
  0.50000000  0.50000000  0.50000000       1      0      0       0.14086266E+02
  0.00000000  0.00000000  0.00000000       0      0      0       0.81611223E+03
  0.00000000  0.00000000  0.00000000      -1     -1     -1       0.22412204E+02
  0.00000000  0.00000000  0.00000000      -1      0      0       0.22472685E+02
  0.00000000  0.00000000  0.00000000       0     -1      0       0.22437454E+02
  0.00000000  0.00000000  0.00000000       0      0     -1       0.22403971E+02
  0.00000000  0.00000000  0.00000000       0      0      1       0.22467790E+02
  0.00000000  0.00000000  0.00000000       0      1      0       0.22445959E+02
  0.00000000  0.00000000  0.00000000       1      0      0       0.22441041E+02
  0.00000000  0.00000000  0.00000000       1      1      1       0.22456377E+02
  0.00000000  0.00000000  0.00000000      -1     -1      0       0.16778211E+02
  0.00000000  0.00000000  0.00000000      -1      0     -1       0.16783764E+02
  0.00000000  0.00000000  0.00000000       0     -1     -1       0.16753235E+02
  0.00000000  0.00000000  0.00000000       0      1      1       0.16797772E+02
  0.00000000  0.00000000  0.00000000       1      0      1       0.16778224E+02
  0.00000000  0.00000000  0.00000000       1      1      0       0.16773640E+02
  0.00000000  0.00000000  0.50000000       0      0     -1       0.93843473E+02
  0.00000000  0.00000000  0.50000000       0      0      0       0.94158616E+02
  0.00000000  0.00000000  0.50000000      -1     -1     -1       0.24532699E+02
  0.00000000  0.00000000  0.50000000      -1      0     -1       0.24542510E+02
  0.00000000  0.00000000  0.50000000       0     -1     -1       0.24531655E+02
  0.00000000  0.00000000  0.50000000       0      1      0       0.24541399E+02
  0.00000000  0.00000000  0.50000000       1      0      0       0.24578561E+02
  0.00000000  0.00000000  0.50000000       1      1      0       0.24546249E+02
  0.00000000  0.00000000  0.50000000      -1     -1     -2       0.14078847E+02
  0.00000000  0.00000000  0.50000000      -1      0      0       0.14102460E+02
  0.00000000  0.00000000  0.50000000       0     -1      0       0.14095271E+02
  0.00000000  0.00000000  0.50000000       0      1     -1       0.14088010E+02
  0.00000000  0.00000000  0.50000000       1      0     -1       0.14080925E+02
  0.00000000  0.00000000  0.50000000       1      1      1       0.14101500E+02
  0.00000000  0.50000000  0.00000000       0     -1      0       0.93914347E+02
  0.00000000  0.50000000  0.00000000       0      0      0       0.93987326E+02
  0.00000000  0.50000000  0.00000000      -1     -1     -1       0.24511762E+02
  0.00000000  0.50000000  0.00000000      -1     -1      0       0.24557624E+02
  0.00000000  0.50000000  0.00000000       0     -1     -1       0.24501246E+02
  0.00000000  0.50000000  0.00000000       0      0      1       0.24560944E+02
  0.00000000  0.50000000  0.00000000       1      0      0       0.24546124E+02
  0.00000000  0.50000000  0.00000000       1      0      1       0.24574954E+02
  0.00000000  0.50000000  0.00000000      -1     -2     -1       0.14079635E+02
  0.00000000  0.50000000  0.00000000      -1      0      0       0.14103124E+02
  0.00000000  0.50000000  0.00000000       0     -1      1       0.14101496E+02
  0.00000000  0.50000000  0.00000000       0      0     -1       0.14081486E+02
  0.00000000  0.50000000  0.00000000       1     -1      0       0.14086855E+02
  0.00000000  0.50000000  0.00000000       1      1      1       0.14094619E+02
  0.00000000  0.50000000  0.50000000       0     -1     -1       0.70283236E+02
  0.00000000  0.50000000  0.50000000       0      0      0       0.70518122E+02
  0.00000000  0.50000000  0.50000000      -1     -1     -1       0.33957473E+02
  0.00000000  0.50000000  0.50000000       0     -1      0       0.34024144E+02
  0.00000000  0.50000000  0.50000000       0      0     -1       0.33909611E+02
  0.00000000  0.50000000  0.50000000       1      0      0       0.34024033E+02
  0.00000000  0.50000000  0.50000000      -1     -2     -1       0.13368822E+02
  0.00000000  0.50000000  0.50000000      -1     -1     -2       0.13375781E+02
  0.00000000  0.50000000  0.50000000      -1     -1      0       0.13386142E+02
  0.00000000  0.50000000  0.50000000      -1      0     -1       0.13398050E+02
  0.00000000  0.50000000  0.50000000       1     -1      0       0.13376789E+02
  0.00000000  0.50000000  0.50000000       1      0     -1       0.13372559E+02
  0.00000000  0.50000000  0.50000000       1      0      1       0.13391137E+02
  0.00000000  0.50000000  0.50000000       1      1      0       0.13388070E+02
  0.50000000  0.00000000  0.00000000      -1      0      0       0.94147446E+02
  0.50000000  0.00000000  0.00000000       0      0      0       0.94012062E+02
  0.50000000  0.00000000  0.00000000      -1     -1     -1       0.24498439E+02
  0.50000000  0.00000000  0.00000000      -1     -1      0       0.24549376E+02
  0.50000000  0.00000000  0.00000000      -1      0     -1       0.24500502E+02
  0.50000000  0.00000000  0.00000000       0      0      1       0.24578655E+02
  0.50000000  0.00000000  0.00000000       0      1      0       0.24525170E+02
  0.50000000  0.00000000  0.00000000       0      1      1       0.24550310E+02
  0.50000000  0.00000000  0.00000000      -2     -1     -1       0.14087571E+02
  0.50000000  0.00000000  0.00000000      -1      0      1       0.14103943E+02
  0.50000000  0.00000000  0.00000000      -1      1      0       0.14100039E+02
  0.50000000  0.00000000  0.00000000       0     -1      0       0.14088980E+02
  0.50000000  0.00000000  0.00000000       0      0     -1       0.14078330E+02
  0.50000000  0.00000000  0.00000000       1      1      1       0.14090644E+02
  0.50000000  0.00000000  0.50000000      -1      0     -1       0.70381935E+02
  0.50000000  0.00000000  0.50000000       0      0      0       0.70501765E+02
  0.50000000  0.00000000  0.50000000      -1     -1     -1       0.33927563E+02
  0.50000000  0.00000000  0.50000000      -1      0      0       0.34016400E+02
  0.50000000  0.00000000  0.50000000       0      0     -1       0.33932641E+02
  0.50000000  0.00000000  0.50000000       0      1      0       0.33986945E+02
  0.50000000  0.00000000  0.50000000      -2     -1     -1       0.13379065E+02
  0.50000000  0.00000000  0.50000000      -1     -1     -2       0.13363524E+02
  0.50000000  0.00000000  0.50000000      -1     -1      0       0.13379093E+02
  0.50000000  0.00000000  0.50000000      -1      1      0       0.13401380E+02
  0.50000000  0.00000000  0.50000000       0     -1     -1       0.13366792E+02
  0.50000000  0.00000000  0.50000000       0      1     -1       0.13381365E+02
  0.50000000  0.00000000  0.50000000       0      1      1       0.13396959E+02
  0.50000000  0.00000000  0.50000000       1      1      0       0.13379403E+02
  0.50000000  0.50000000  0.00000000      -1     -1      0       0.70447498E+02
  0.50000000  0.50000000  0.00000000       0      0      0       0.70484457E+02
  0.50000000  0.50000000  0.00000000      -1     -1     -1       0.33864947E+02
  0.50000000  0.50000000  0.00000000      -1      0      0       0.33975743E+02
  0.50000000  0.50000000  0.00000000       0     -1      0       0.33996693E+02
  0.50000000  0.50000000  0.00000000       0      0      1       0.34041849E+02
  0.50000000  0.50000000  0.00000000      -2     -1     -1       0.13386336E+02
  0.50000000  0.50000000  0.00000000      -1     -2     -1       0.13362825E+02
  0.50000000  0.50000000  0.00000000      -1      0     -1       0.13386188E+02
  0.50000000  0.50000000  0.00000000      -1      0      1       0.13396886E+02
  0.50000000  0.50000000  0.00000000       0     -1     -1       0.13365316E+02
  0.50000000  0.50000000  0.00000000       0     -1      1       0.13384290E+02
  0.50000000  0.50000000  0.00000000       0      1      1       0.13397479E+02
  0.50000000  0.50000000  0.00000000       1      0      1       0.13382004E+02
  0.50000000  0.50000000  0.50000000      -1     -1     -1       0.93824307E+02
  0.50000000  0.50000000  0.50000000       0      0      0       0.94130486E+02
  0.50000000  0.50000000  0.50000000      -1     -1      0       0.24564599E+02
  0.50000000  0.50000000  0.50000000      -1      0     -1       0.24525270E+02
  0.50000000  0.50000000  0.50000000      -1      0      0       0.24556213E+02
  0.50000000  0.50000000  0.50000000       0     -1     -1       0.24537537E+02
  0.50000000  0.50000000  0.50000000       0     -1      0       0.24577924E+02
  0.50000000  0.50000000  0.50000000       0      0     -1       0.24517099E+02
  0.50000000  0.50000000  0.50000000      -2     -1     -1       0.14096288E+02
  0.50000000  0.50000000  0.50000000      -1     -2     -1       0.14083492E+02
  0.50000000  0.50000000  0.50000000      -1     -1     -2       0.14077956E+02
  0.50000000  0.50000000  0.50000000       0      0      1       0.14105691E+02
  0.50000000  0.50000000  0.50000000       0      1      0       0.14094180E+02
  0.50000000  0.50000000  0.50000000       1      0      0       0.14086266E+02
  0.00000000  0.00000000  0.00000000       0      0      0       0.81611223E+03
  0.00000000  0.00000000  0.00000000      -1     -1     -1       0.22412204E+02
  0.00000000  0.00000000  0.00000000      -1      0      0       0.22472685E+02
  0.00000000  0.00000000  0.00000000       0     -1      0       0.22437454E+02
  0.00000000  0.00000000  0.00000000       0      0     -1       0.22403971E+02
  0.00000000  0.00000000  0.00000000       0      0      1       0.22467790E+02
  0.00000000  0.00000000  0.00000000       0      1      0       0.22445959E+02
  0.00000000  0.00000000  0.00000000       1      0      0       0.22441041E+02
  0.00000000  0.00000000  0.00000000       1      1      1       0.22456377E+02
  0.00000000  0.00000000  0.00000000      -1     -1      0       0.16778211E+02
  0.00000000  0.00000000  0.00000000      -1      0     -1       0.16783764E+02
  0.00000000  0.00000000  0.00000000       0     -1     -1       0.16753235E+02
  0.00000000  0.00000000  0.00000000       0      1      1       0.16797772E+02
  0.00000000  0.00000000  0.00000000       1      0      1       0.16778224E+02
  0.00000000  0.00000000  0.00000000       1      1      0       0.16773640E+02
  0.00000000  0.00000000  0.50000000       0      0     -1       0.93843473E+02
  0.00000000  0.00000000  0.50000000       0      0      0       0.94158616E+02
  0.00000000  0.00000000  0.50000000      -1     -1     -1       0.24532699E+02
  0.00000000  0.00000000  0.50000000      -1      0     -1       0.24542510E+02
  0.00000000  0.00000000  0.50000000       0     -1     -1       0.24531655E+02
  0.00000000  0.00000000  0.50000000       0      1      0       0.24541399E+02
  0.00000000  0.00000000  0.50000000       1      0      0       0.24578561E+02
  0.00000000  0.00000000  0.50000000       1      1      0       0.24546249E+02
  0.00000000  0.00000000  0.50000000      -1     -1     -2       0.14078847E+02
  0.00000000  0.00000000  0.50000000      -1      0      0       0.14102460E+02
  0.00000000  0.00000000  0.50000000       0     -1      0       0.14095271E+02
  0.00000000  0.00000000  0.50000000       0      1     -1       0.14088010E+02
  0.00000000  0.00000000  0.50000000       1      0     -1       0.14080925E+02
  0.00000000  0.00000000  0.50000000       1      1      1       0.14101500E+02
  0.00000000  0.50000000  0.00000000       0     -1      0       0.93914347E+02
  0.00000000  0.50000000  0.00000000       0      0      0       0.93987326E+02
  0.00000000  0.50000000  0.00000000      -1     -1     -1       0.24511762E+02
  0.00000000  0.50000000  0.00000000      -1     -1      0       0.24557624E+02
  0.00000000  0.50000000  0.00000000       0     -1     -1       0.24501246E+02
  0.00000000  0.50000000  0.00000000       0      0      1       0.24560944E+02
  0.00000000  0.50000000  0.00000000       1      0      0       0.24546124E+02
  0.00000000  0.50000000  0.00000000       1      0      1       0.24574954E+02
  0.00000000  0.50000000  0.00000000      -1     -2     -1       0.14079635E+02
  0.00000000  0.50000000  0.00000000      -1      0      0       0.14103124E+02
  0.00000000  0.50000000  0.00000000       0     -1      1       0.14101496E+02
  0.00000000  0.50000000  0.00000000       0      0     -1       0.14081486E+02
  0.00000000  0.50000000  0.00000000       1     -1      0       0.14086855E+02
  0.00000000  0.50000000  0.00000000       1      1      1       0.14094619E+02
  0.00000000  0.50000000  0.50000000       0     -1     -1       0.70283236E+02
  0.00000000  0.50000000  0.50000000       0      0      0       0.70518122E+02
  0.00000000  0.50000000  0.50000000      -1     -1     -1       0.33957473E+02
  0.00000000  0.50000000  0.50000000       0     -1      0       0.34024144E+02
  0.00000000  0.50000000  0.50000000       0      0     -1       0.33909611E+02
  0.00000000  0.50000000  0.50000000       1      0      0       0.34024033E+02
  0.00000000  0.50000000  0.50000000      -1     -2     -1       0.13368822E+02
  0.00000000  0.50000000  0.50000000      -1     -1     -2       0.13375781E+02
  0.00000000  0.50000000  0.50000000      -1     -1      0       0.13386142E+02
  0.00000000  0.50000000  0.50000000      -1      0     -1       0.13398050E+02
  0.00000000  0.50000000  0.50000000       1     -1      0       0.13376789E+02
  0.00000000  0.50000000  0.50000000       1      0     -1       0.13372559E+02
  0.00000000  0.50000000  0.50000000       1      0      1       0.13391137E+02
  0.00000000  0.50000000  0.50000000       1      1      0       0.13388070E+02
  0.50000000  0.00000000  0.00000000      -1      0      0       0.94147446E+02
  0.50000000  0.00000000  0.00000000       0      0      0       0.94012062E+02
  0.50000000  0.00000000  0.00000000      -1     -1     -1       0.24498439E+02
  0.50000000  0.00000000  0.00000000      -1     -1      0       0.24549376E+02
  0.50000000  0.00000000  0.00000000      -1      0     -1       0.24500502E+02
  0.50000000  0.00000000  0.00000000       0      0      1       0.24578655E+02
  0.50000000  0.00000000  0.00000000       0      1      0       0.24525170E+02
  0.50000000  0.00000000  0.00000000       0      1      1       0.24550310E+02
  0.50000000  0.00000000  0.00000000      -2     -1     -1       0.14087571E+02
  0.50000000  0.00000000  0.00000000      -1      0      1       0.14103943E+02
  0.50000000  0.00000000  0.00000000      -1      1      0       0.14100039E+02
  0.50000000  0.00000000  0.00000000       0     -1      0       0.14088980E+02
  0.50000000  0.00000000  0.00000000       0      0     -1       0.14078330E+02
  0.50000000  0.00000000  0.00000000       1      1      1       0.14090644E+02
  0.50000000  0.00000000  0.50000000      -1      0     -1       0.70381935E+02
  0.50000000  0.00000000  0.50000000       0      0      0       0.70501765E+02
  0.50000000  0.00000000  0.50000000      -1     -1     -1       0.33927563E+02
  0.50000000  0.00000000  0.50000000      -1      0      0       0.34016400E+02
  0.50000000  0.00000000  0.50000000       0      0     -1       0.33932641E+02
  0.50000000  0.00000000  0.50000000       0      1      0       0.33986945E+02
  0.50000000  0.00000000  0.50000000      -2     -1     -1       0.13379065E+02
  0.50000000  0.00000000  0.50000000      -1     -1     -2       0.13363524E+02
  0.50000000  0.00000000  0.50000000      -1     -1      0       0.13379093E+02
  0.50000000  0.00000000  0.50000000      -1      1      0       0.13401380E+02
  0.50000000  0.00000000  0.50000000       0     -1     -1       0.13366792E+02
  0.50000000  0.00000000  0.50000000       0      1     -1       0.13381365E+02
  0.50000000  0.00000000  0.50000000       0      1      1       0.13396959E+02
  0.50000000  0.00000000  0.50000000       1      1      0       0.13379403E+02
  0.50000000  0.50000000  0.00000000      -1     -1      0       0.70447498E+02
  0.50000000  0.50000000  0.00000000       0      0      0       0.70484457E+02
  0.50000000  0.50000000  0.00000000      -1     -1     -1       0.33864947E+02
  0.50000000  0.50000000  0.00000000      -1      0      0       0.33975743E+02
  0.50000000  0.50000000  0.00000000       0     -1      0       0.33996693E+02
  0.50000000  0.50000000  0.00000000       0      0      1       0.34041849E+02
  0.50000000  0.50000000  0.00000000      -2     -1     -1       0.13386336E+02
  0.50000000  0.50000000  0.00000000      -1     -2     -1       0.13362825E+02
  0.50000000  0.50000000  0.00000000      -1      0     -1       0.13386188E+02
  0.50000000  0.50000000  0.00000000      -1      0      1       0.13396886E+02
  0.50000000  0.50000000  0.00000000       0     -1     -1       0.13365316E+02
  0.50000000  0.50000000  0.00000000       0     -1      1       0.13384290E+02
  0.50000000  0.50000000  0.00000000       0      1      1       0.13397479E+02
  0.50000000  0.50000000  0.00000000       1      0      1       0.13382004E+02
  0.50000000  0.50000000  0.50000000      -1     -1     -1       0.93824307E+02
  0.50000000  0.50000000  0.50000000       0      0      0       0.94130486E+02
  0.50000000  0.50000000  0.50000000      -1     -1      0       0.24564599E+02
  0.50000000  0.50000000  0.50000000      -1      0     -1       0.24525270E+02
  0.50000000  0.50000000  0.50000000      -1      0      0       0.24556213E+02
  0.50000000  0.50000000  0.50000000       0     -1     -1       0.24537537E+02
  0.50000000  0.50000000  0.50000000       0     -1      0       0.24577924E+02
  0.50000000  0.50000000  0.50000000       0      0     -1       0.24517099E+02
  0.50000000  0.50000000  0.50000000      -2     -1     -1       0.14096288E+02
  0.50000000  0.50000000  0.50000000      -1     -2     -1       0.14083492E+02
  0.50000000  0.50000000  0.50000000      -1     -1     -2       0.14077956E+02
  0.50000000  0.50000000  0.50000000       0      0      1       0.14105691E+02
  0.50000000  0.50000000  0.50000000       0      1      0       0.14094180E+02
  0.50000000  0.50000000  0.50000000       1      0      0       0.14086266E+02
  0.00000000  0.00000000  0.00000000       0      0      0       0.81611223E+03
  0.00000000  0.00000000  0.00000000      -1     -1     -1       0.22412204E+02
  0.00000000  0.00000000  0.00000000      -1      0      0       0.22472685E+02
  0.00000000  0.00000000  0.00000000       0     -1      0       0.22437454E+02
  0.00000000  0.00000000  0.00000000       0      0     -1       0.22403971E+02
  0.00000000  0.00000000  0.00000000       0      0      1       0.22467790E+02
  0.00000000  0.00000000  0.00000000       0      1      0       0.22445959E+02
  0.00000000  0.00000000  0.00000000       1      0      0       0.22441041E+02
  0.00000000  0.00000000  0.00000000       1      1      1       0.22456377E+02
  0.00000000  0.00000000  0.00000000      -1     -1      0       0.16778211E+02
  0.00000000  0.00000000  0.00000000      -1      0     -1       0.16783764E+02
  0.00000000  0.00000000  0.00000000       0     -1     -1       0.16753235E+02
  0.00000000  0.00000000  0.00000000       0      1      1       0.16797772E+02
  0.00000000  0.00000000  0.00000000       1      0      1       0.16778224E+02
  0.00000000  0.00000000  0.00000000       1      1      0       0.16773640E+02
  0.00000000  0.00000000  0.50000000       0      0     -1       0.93843473E+02
  0.00000000  0.00000000  0.50000000       0      0      0       0.94158616E+02
  0.00000000  0.00000000  0.50000000      -1     -1     -1       0.24532699E+02
  0.00000000  0.00000000  0.50000000      -1      0     -1       0.24542510E+02
  0.00000000  0.00000000  0.50000000       0     -1     -1       0.24531655E+02
  0.00000000  0.00000000  0.50000000       0      1      0       0.24541399E+02
  0.00000000  0.00000000  0.50000000       1      0      0       0.24578561E+02
  0.00000000  0.00000000  0.50000000       1      1      0       0.24546249E+02
  0.00000000  0.00000000  0.50000000      -1     -1     -2       0.14078847E+02
  0.00000000  0.00000000  0.50000000      -1      0      0       0.14102460E+02
  0.00000000  0.00000000  0.50000000       0     -1      0       0.14095271E+02
  0.00000000  0.00000000  0.50000000       0      1     -1       0.14088010E+02
  0.00000000  0.00000000  0.50000000       1      0     -1       0.14080925E+02
  0.00000000  0.00000000  0.50000000       1      1      1       0.14101500E+02
  0.00000000  0.50000000  0.00000000       0     -1      0       0.93914347E+02
  0.00000000  0.50000000  0.00000000       0      0      0       0.93987326E+02
  0.00000000  0.50000000  0.00000000      -1     -1     -1       0.24511762E+02
  0.00000000  0.50000000  0.00000000      -1     -1      0       0.24557624E+02
  0.00000000  0.50000000  0.00000000       0     -1     -1       0.24501246E+02
  0.00000000  0.50000000  0.00000000       0      0      1       0.24560944E+02
  0.00000000  0.50000000  0.00000000       1      0      0       0.24546124E+02
  0.00000000  0.50000000  0.00000000       1      0      1       0.24574954E+02
  0.00000000  0.50000000  0.00000000      -1     -2     -1       0.14079635E+02
  0.00000000  0.50000000  0.00000000      -1      0      0       0.14103124E+02
  0.00000000  0.50000000  0.00000000       0     -1      1       0.14101496E+02
  0.00000000  0.50000000  0.00000000       0      0     -1       0.14081486E+02
  0.00000000  0.50000000  0.00000000       1     -1      0       0.14086855E+02
  0.00000000  0.50000000  0.00000000       1      1      1       0.14094619E+02
  0.00000000  0.50000000  0.50000000       0     -1     -1       0.70283236E+02
  0.00000000  0.50000000  0.50000000       0      0      0       0.70518122E+02
  0.00000000  0.50000000  0.50000000      -1     -1     -1       0.33957473E+02
  0.00000000  0.50000000  0.50000000       0     -1      0       0.34024144E+02
  0.00000000  0.50000000  0.50000000       0      0     -1       0.33909611E+02
  0.00000000  0.50000000  0.50000000       1      0      0       0.34024033E+02
  0.00000000  0.50000000  0.50000000      -1     -2     -1       0.13368822E+02
  0.00000000  0.50000000  0.50000000      -1     -1     -2       0.13375781E+02
  0.00000000  0.50000000  0.50000000      -1     -1      0       0.13386142E+02
  0.00000000  0.50000000  0.50000000      -1      0     -1       0.13398050E+02
  0.00000000  0.50000000  0.50000000       1     -1      0       0.13376789E+02
  0.00000000  0.50000000  0.50000000       1      0     -1       0.13372559E+02
  0.00000000  0.50000000  0.50000000       1      0      1       0.13391137E+02
  0.00000000  0.50000000  0.50000000       1      1      0       0.13388070E+02
  0.50000000  0.00000000  0.00000000      -1      0      0       0.94147446E+02
  0.50000000  0.00000000  0.00000000       0      0      0       0.94012062E+02
  0.50000000  0.00000000  0.00000000      -1     -1     -1       0.24498439E+02
  0.50000000  0.00000000  0.00000000      -1     -1      0       0.24549376E+02
  0.50000000  0.00000000  0.00000000      -1      0     -1       0.24500502E+02
  0.50000000  0.00000000  0.00000000       0      0      1       0.24578655E+02
  0.50000000  0.00000000  0.00000000       0      1      0       0.24525170E+02
  0.50000000  0.00000000  0.00000000       0      1      1       0.24550310E+02
  0.50000000  0.00000000  0.00000000      -2     -1     -1       0.14087571E+02
  0.50000000  0.00000000  0.00000000      -1      0      1       0.14103943E+02
  0.50000000  0.00000000  0.00000000      -1      1      0       0.14100039E+02
  0.50000000  0.00000000  0.00000000       0     -1      0       0.14088980E+02
  0.50000000  0.00000000  0.00000000       0      0     -1       0.14078330E+02
  0.50000000  0.00000000  0.00000000       1      1      1       0.14090644E+02
  0.50000000  0.00000000  0.50000000      -1      0     -1       0.70381935E+02
  0.50000000  0.00000000  0.50000000       0      0      0       0.70501765E+02
  0.50000000  0.00000000  0.50000000      -1     -1     -1       0.33927563E+02
  0.50000000  0.00000000  0.50000000      -1      0      0       0.34016400E+02
  0.50000000  0.00000000  0.50000000       0      0     -1       0.33932641E+02
  0.50000000  0.00000000  0.50000000       0      1      0       0.33986945E+02
  0.50000000  0.00000000  0.50000000      -2     -1     -1       0.13379065E+02
  0.50000000  0.00000000  0.50000000      -1     -1     -2       0.13363524E+02
  0.50000000  0.00000000  0.50000000      -1     -1      0       0.13379093E+02
  0.50000000  0.00000000  0.50000000      -1      1      0       0.13401380E+02
  0.50000000  0.00000000  0.50000000       0     -1     -1       0.13366792E+02
  0.50000000  0.00000000  0.50000000       0      1     -1       0.13381365E+02
  0.50000000  0.00000000  0.50000000       0      1      1       0.13396959E+02
  0.50000000  0.00000000  0.50000000       1      1      0       0.13379403E+02
  0.50000000  0.50000000  0.00000000      -1     -1      0       0.70447498E+02
  0.50000000  0.50000000  0.00000000       0      0      0       0.70484457E+02
  0.50000000  0.50000000  0.00000000      -1     -1     -1       0.33864947E+02
  0.50000000  0.50000000  0.00000000      -1      0      0       0.33975743E+02
  0.50000000  0.50000000  0.00000000       0     -1      0       0.33996693E+02
  0.50000000  0.50000000  0.00000000       0      0      1       0.34041849E+02
  0.50000000  0.50000000  0.00000000      -2     -1     -1       0.13386336E+02
  0.50000000  0.50000000  0.00000000      -1     -2     -1       0.13362825E+02
  0.50000000  0.50000000  0.00000000      -1      0     -1       0.13386188E+02
  0.50000000  0.50000000  0.00000000      -1      0      1       0.13396886E+02
  0.50000000  0.50000000  0.00000000       0     -1     -1       0.13365316E+02
  0.50000000  0.50000000  0.00000000       0     -1      1       0.13384290E+02
  0.50000000  0.50000000  0.00000000       0      1      1       0.13397479E+02
  0.50000000  0.50000000  0.00000000       1      0      1       0.13382004E+02
  0.50000000  0.50000000  0.50000000      -1     -1     -1       0.93824307E+02
  0.50000000  0.50000000  0.50000000       0      0      0       0.94130486E+02
  0.50000000  0.50000000  0.50000000      -1     -1      0       0.24564599E+02
  0.50000000  0.50000000  0.50000000      -1      0     -1       0.24525270E+02
  0.50000000  0.50000000  0.50000000      -1      0      0       0.24556213E+02
  0.50000000  0.50000000  0.50000000       0     -1     -1       0.24537537E+02
  0.50000000  0.50000000  0.50000000       0     -1      0       0.24577924E+02
  0.50000000  0.50000000  0.50000000       0      0     -1       0.24517099E+02
  0.50000000  0.50000000  0.50000000      -2     -1     -1       0.14096288E+02
  0.50000000  0.50000000  0.50000000      -1     -2     -1       0.14083492E+02
  0.50000000  0.50000000  0.50000000      -1     -1     -2       0.14077956E+02
  0.50000000  0.50000000  0.50000000       0      0      1       0.14105691E+02
  0.50000000  0.50000000  0.50000000       0      1      0       0.14094180E+02
  0.50000000  0.50000000  0.50000000       1      0      0       0.14086266E+02
