  0.00100000  0.00100000  0.00100000       0      0      0       0.22077974E+08
  0.00100000  0.00100000  0.00100000      -1     -1     -1       0.22122196E+02
  0.00100000  0.00100000  0.00100000      -1      0      0       0.22092680E+02
  0.00100000  0.00100000  0.00100000       0     -1      0       0.22092680E+02
  0.00100000  0.00100000  0.00100000       0      0     -1       0.22092680E+02
  0.00100000  0.00100000  0.00100000       0      0      1       0.22063243E+02
  0.00100000  0.00100000  0.00100000       0      1      0       0.22063243E+02
  0.00100000  0.00100000  0.00100000       1      0      0       0.22063243E+02
  0.00100000  0.00100000  0.00100000       1      1      1       0.22033884E+02
  0.00100000  0.00100000  0.00100000      -1     -1      0       0.16575043E+02
  0.00100000  0.00100000  0.00100000      -1      0     -1       0.16575043E+02
  0.00100000  0.00100000  0.00100000       0     -1     -1       0.16575043E+02
  0.00100000  0.00100000  0.00100000       0      1      1       0.16541926E+02
  0.00100000  0.00100000  0.00100000       1      0      1       0.16541926E+02
  0.00100000  0.00100000  0.00100000       1      1      0       0.16541926E+02
  0.00000000  0.00000000  0.50000000       0      0     -1       0.88311895E+02
  0.00000000  0.00000000  0.50000000       0      0      0       0.88311895E+02
  0.00000000  0.00000000  0.50000000      -1     -1     -1       0.24085062E+02
  0.00000000  0.00000000  0.50000000      -1      0     -1       0.24085062E+02
  0.00000000  0.00000000  0.50000000       0     -1     -1       0.24085062E+02
  0.00000000  0.00000000  0.50000000       0      1      0       0.24085062E+02
  0.00000000  0.00000000  0.50000000       1      0      0       0.24085062E+02
  0.00000000  0.00000000  0.50000000       1      1      0       0.24085062E+02
  0.00000000  0.00000000  0.50000000      -1     -1     -2       0.13943983E+02
  0.00000000  0.00000000  0.50000000      -1      0      0       0.13943983E+02
  0.00000000  0.00000000  0.50000000       0     -1      0       0.13943983E+02
  0.00000000  0.00000000  0.50000000       0      1     -1       0.13943983E+02
  0.00000000  0.00000000  0.50000000       1      0     -1       0.13943983E+02
  0.00000000  0.00000000  0.50000000       1      1      1       0.13943983E+02
  0.00000000  0.50000000  0.00000000       0     -1      0       0.88311895E+02
  0.00000000  0.50000000  0.00000000       0      0      0       0.88311895E+02
  0.00000000  0.50000000  0.00000000      -1     -1     -1       0.24085062E+02
  0.00000000  0.50000000  0.00000000      -1     -1      0       0.24085062E+02
  0.00000000  0.50000000  0.00000000       0     -1     -1       0.24085062E+02
  0.00000000  0.50000000  0.00000000       0      0      1       0.24085062E+02
  0.00000000  0.50000000  0.00000000       1      0      0       0.24085062E+02
  0.00000000  0.50000000  0.00000000       1      0      1       0.24085062E+02
  0.00000000  0.50000000  0.00000000      -1     -2     -1       0.13943983E+02
  0.00000000  0.50000000  0.00000000      -1      0      0       0.13943983E+02
  0.00000000  0.50000000  0.00000000       0     -1      1       0.13943983E+02
  0.00000000  0.50000000  0.00000000       0      0     -1       0.13943983E+02
  0.00000000  0.50000000  0.00000000       1     -1      0       0.13943983E+02
  0.00000000  0.50000000  0.00000000       1      1      1       0.13943983E+02
  0.00000000  0.50000000  0.50000000       0     -1     -1       0.66233921E+02
  0.00000000  0.50000000  0.50000000       0      0      0       0.66233921E+02
  0.00000000  0.50000000  0.50000000      -1     -1     -1       0.33116961E+02
  0.00000000  0.50000000  0.50000000       0     -1      0       0.33116961E+02
  0.00000000  0.50000000  0.50000000       0      0     -1       0.33116961E+02
  0.00000000  0.50000000  0.50000000       1      0      0       0.33116961E+02
  0.00000000  0.50000000  0.50000000      -1     -2     -1       0.13246784E+02
  0.00000000  0.50000000  0.50000000      -1     -1     -2       0.13246784E+02
  0.00000000  0.50000000  0.50000000      -1     -1      0       0.13246784E+02
  0.00000000  0.50000000  0.50000000      -1      0     -1       0.13246784E+02
  0.00000000  0.50000000  0.50000000       1     -1      0       0.13246784E+02
  0.00000000  0.50000000  0.50000000       1      0     -1       0.13246784E+02
  0.00000000  0.50000000  0.50000000       1      0      1       0.13246784E+02
  0.00000000  0.50000000  0.50000000       1      1      0       0.13246784E+02
  0.50000000  0.00000000  0.00000000      -1      0      0       0.88311895E+02
  0.50000000  0.00000000  0.00000000       0      0      0       0.88311895E+02
  0.50000000  0.00000000  0.00000000      -1     -1     -1       0.24085062E+02
  0.50000000  0.00000000  0.00000000      -1     -1      0       0.24085062E+02
  0.50000000  0.00000000  0.00000000      -1      0     -1       0.24085062E+02
  0.50000000  0.00000000  0.00000000       0      0      1       0.24085062E+02
  0.50000000  0.00000000  0.00000000       0      1      0       0.24085062E+02
  0.50000000  0.00000000  0.00000000       0      1      1       0.24085062E+02
  0.50000000  0.00000000  0.00000000      -2     -1     -1       0.13943983E+02
  0.50000000  0.00000000  0.00000000      -1      0      1       0.13943983E+02
  0.50000000  0.00000000  0.00000000      -1      1      0       0.13943983E+02
  0.50000000  0.00000000  0.00000000       0     -1      0       0.13943983E+02
  0.50000000  0.00000000  0.00000000       0      0     -1       0.13943983E+02
  0.50000000  0.00000000  0.00000000       1      1      1       0.13943983E+02
  0.50000000  0.00000000  0.50000000      -1      0     -1       0.66233921E+02
  0.50000000  0.00000000  0.50000000       0      0      0       0.66233921E+02
  0.50000000  0.00000000  0.50000000      -1     -1     -1       0.33116961E+02
  0.50000000  0.00000000  0.50000000      -1      0      0       0.33116961E+02
  0.50000000  0.00000000  0.50000000       0      0     -1       0.33116961E+02
  0.50000000  0.00000000  0.50000000       0      1      0       0.33116961E+02
  0.50000000  0.00000000  0.50000000      -2     -1     -1       0.13246784E+02
  0.50000000  0.00000000  0.50000000      -1     -1     -2       0.13246784E+02
  0.50000000  0.00000000  0.50000000      -1     -1      0       0.13246784E+02
  0.50000000  0.00000000  0.50000000      -1      1      0       0.13246784E+02
  0.50000000  0.00000000  0.50000000       0     -1     -1       0.13246784E+02
  0.50000000  0.00000000  0.50000000       0      1     -1       0.13246784E+02
  0.50000000  0.00000000  0.50000000       0      1      1       0.13246784E+02
  0.50000000  0.00000000  0.50000000       1      1      0       0.13246784E+02
  0.50000000  0.50000000  0.00000000      -1     -1      0       0.66233921E+02
  0.50000000  0.50000000  0.00000000       0      0      0       0.66233921E+02
  0.50000000  0.50000000  0.00000000      -1     -1     -1       0.33116961E+02
  0.50000000  0.50000000  0.00000000      -1      0      0       0.33116961E+02
  0.50000000  0.50000000  0.00000000       0     -1      0       0.33116961E+02
  0.50000000  0.50000000  0.00000000       0      0      1       0.33116961E+02
  0.50000000  0.50000000  0.00000000      -2     -1     -1       0.13246784E+02
  0.50000000  0.50000000  0.00000000      -1     -2     -1       0.13246784E+02
  0.50000000  0.50000000  0.00000000      -1      0     -1       0.13246784E+02
  0.50000000  0.50000000  0.00000000      -1      0      1       0.13246784E+02
  0.50000000  0.50000000  0.00000000       0     -1     -1       0.13246784E+02
  0.50000000  0.50000000  0.00000000       0     -1      1       0.13246784E+02
  0.50000000  0.50000000  0.00000000       0      1      1       0.13246784E+02
  0.50000000  0.50000000  0.00000000       1      0      1       0.13246784E+02
  0.50000000  0.50000000  0.50000000      -1     -1     -1       0.88311895E+02
  0.50000000  0.50000000  0.50000000       0      0      0       0.88311895E+02
  0.50000000  0.50000000  0.50000000      -1     -1      0       0.24085062E+02
  0.50000000  0.50000000  0.50000000      -1      0     -1       0.24085062E+02
  0.50000000  0.50000000  0.50000000      -1      0      0       0.24085062E+02
  0.50000000  0.50000000  0.50000000       0     -1     -1       0.24085062E+02
  0.50000000  0.50000000  0.50000000       0     -1      0       0.24085062E+02
  0.50000000  0.50000000  0.50000000       0      0     -1       0.24085062E+02
  0.50000000  0.50000000  0.50000000      -2     -1     -1       0.13943983E+02
  0.50000000  0.50000000  0.50000000      -1     -2     -1       0.13943983E+02
  0.50000000  0.50000000  0.50000000      -1     -1     -2       0.13943983E+02
  0.50000000  0.50000000  0.50000000       0      0      1       0.13943983E+02
  0.50000000  0.50000000  0.50000000       0      1      0       0.13943983E+02
  0.50000000  0.50000000  0.50000000       1      0      0       0.13943983E+02
