  0.00000000  0.00000000  0.00000000       0      0      0       0.20402806E+03
  0.00000000  0.00000000  0.00000000      -1     -1     -1       0.23456077E+02
  0.00000000  0.00000000  0.00000000      -1      0      0       0.23536862E+02
  0.00000000  0.00000000  0.00000000       0     -1      0       0.23478587E+02
  0.00000000  0.00000000  0.00000000       0      0     -1       0.23460868E+02
  0.00000000  0.00000000  0.00000000       0      0      1       0.23539654E+02
  0.00000000  0.00000000  0.00000000       0      1      0       0.23496832E+02
  0.00000000  0.00000000  0.00000000       1      0      0       0.23503015E+02
  0.00000000  0.00000000  0.00000000       1      1      1       0.23532622E+02
  0.00000000  0.00000000  0.00000000      -1     -1      0       0.17611875E+02
  0.00000000  0.00000000  0.00000000      -1      0     -1       0.17595484E+02
  0.00000000  0.00000000  0.00000000       0     -1     -1       0.17570809E+02
  0.00000000  0.00000000  0.00000000       0      1      1       0.17629530E+02
  0.00000000  0.00000000  0.00000000       1      0      1       0.17625441E+02
  0.00000000  0.00000000  0.00000000       1      1      0       0.17621114E+02
