  0.00100000  0.00100000  0.00100000       0      0      0       0.22077974E+08
  0.00100000  0.00100000  0.00100000      -1     -1     -1       0.22122196E+02
  0.00100000  0.00100000  0.00100000      -1      0      0       0.22092680E+02
  0.00100000  0.00100000  0.00100000       0     -1      0       0.22092680E+02
  0.00100000  0.00100000  0.00100000       0      0     -1       0.22092680E+02
  0.00100000  0.00100000  0.00100000       0      0      1       0.22063243E+02
  0.00100000  0.00100000  0.00100000       0      1      0       0.22063243E+02
  0.00100000  0.00100000  0.00100000       1      0      0       0.22063243E+02
  0.00100000  0.00100000  0.00100000       1      1      1       0.22033884E+02
  0.00100000  0.00100000  0.00100000      -1     -1      0       0.16575043E+02
  0.00100000  0.00100000  0.00100000      -1      0     -1       0.16575043E+02
  0.00100000  0.00100000  0.00100000       0     -1     -1       0.16575043E+02
  0.00100000  0.00100000  0.00100000       0      1      1       0.16541926E+02
  0.00100000  0.00100000  0.00100000       1      0      1       0.16541926E+02
  0.00100000  0.00100000  0.00100000       1      1      0       0.16541926E+02
