# spin    band          kx          ky          kz          E(MF)          E(QP)        Delta E
#                        (Cartesian coordinates)             (eV)           (eV)           (eV)
     1       1    -0.00062     0.00062     0.00062   -5.636395548   -8.253525817   -2.617130269
     1       1    -0.15462     0.15462    -0.15338   -4.821266529   -7.336973633   -2.515707104
     1       1    -0.30862     0.30862    -0.30738   -3.256214153   -5.577331391   -2.321117238
     1       1     0.15338    -0.15338     0.15462   -4.825463796   -7.338240152   -2.512776356
     1       1     0.15338     0.15462     0.15462   -4.821266566   -7.337587832   -2.516321265
     1       1    -0.00062     0.30862     0.00062   -4.532673207   -7.014044061   -2.481370855
     1       1    -0.15462     0.46261    -0.15338   -2.863533048   -5.141909261   -2.278376213
     1       1     0.30738     0.00062     0.30862   -3.556412627   -5.913795259   -2.357382632
     1       1     0.30738     0.30862     0.30862   -3.256214419   -5.577388109   -2.321173690
     1       1     0.15338     0.46261     0.15462   -2.863533222   -5.142169059   -2.278635836
     1       1    -0.00062     0.61661     0.00062   -1.430148163   -3.526870655   -2.096722492
     1       1    -0.15462    -0.46138    -0.15338   -2.874043272   -5.140672604   -2.266629332
     1       1    -0.15462    -0.15338    -0.15338   -4.825463833   -7.337659924   -2.512196091
     1       1    -0.30862     0.00062    -0.30738   -3.556412626   -5.912747280   -2.356334654
     1       1     0.15338    -0.46138     0.15462   -2.874043098   -5.140850538   -2.266807440
     1       1    -0.00062    -0.30738     0.00062   -4.541362074   -7.015773534   -2.474411460
     1       1    -0.15462    -0.15338     0.15462   -4.821266637   -7.335625395   -2.514358758
     1       1    -0.30862     0.00062     0.00062   -4.532673207   -7.012013819   -2.479340612
     1       1    -0.46261     0.15462    -0.15338   -2.863533027   -5.139874612   -2.276341585
     1       1    -0.00062    -0.30738     0.30862   -3.556412790   -5.912042819   -2.355630030
     1       1    -0.00062     0.00062     0.30862   -4.532673207   -7.012604347   -2.479931140
     1       1    -0.15462     0.15462     0.15462   -4.817071652   -7.333448570   -2.516376918
     1       1    -0.30862     0.30862     0.00062   -3.548898471   -5.910744330   -2.361845859
     1       1     0.15338    -0.15338     0.46261   -2.865320398   -5.140124130   -2.274803733
     1       1     0.15338     0.15462     0.46261   -2.863533189   -5.140704571   -2.277171382
     1       1    -0.00062     0.30862     0.30862   -3.548898557   -5.911271208   -2.362372651
     1       1    -0.15462     0.46261     0.15462   -2.861771810   -5.140399289   -2.278627479
     1       1     0.30738     0.00062     0.61661   -1.255668721   -3.331405814   -2.075737093
     1       1    -0.30862    -0.30738     0.00062   -3.556412876   -5.911570026   -2.355157150
     1       1    -0.46261    -0.15338    -0.15338   -2.865320560   -5.139363152   -2.274042593
     1       1    -0.61661     0.00062    -0.30738   -1.255668527   -3.328359758   -2.072691230
     1       1    -0.15462    -0.46138     0.15462   -2.872254828   -5.140688873   -2.268434045
     1       1    -0.30862    -0.30738     0.30862   -3.256214923   -5.577305971   -2.321091048
     1       1    -0.46261    -0.15338     0.15462   -2.863533531   -5.139331920   -2.275798389
     1       1    -0.61661     0.00062     0.00062   -1.430148163   -3.526839042   -2.096690879
     1       1     0.46138     0.15462    -0.15338   -2.874043578   -5.143371693   -2.269328115
     1       1    -0.15462    -0.15338     0.46261   -2.863533518   -5.139892575   -2.276359057
     1       1    -0.30862     0.00062     0.30862   -3.548898720   -5.909504221   -2.360605501
     1       1    -0.46261     0.15462     0.15462   -2.861771832   -5.138341561   -2.276569729
     1       1    -0.00062    -0.30738     0.61661   -1.255668352   -3.333204244   -2.077535892
     1       1    -0.00062     0.00062     0.61661   -1.430148161   -3.526760668   -2.096612507
     1       1    -0.15462     0.15462     0.46261   -2.861771843   -5.138913802   -2.277141958
     1       1    -0.30862     0.30862     0.30862   -3.256279575   -5.574109990   -2.317830415
     1       1     0.15338    -0.15338    -0.46138   -2.875857668   -5.140589198   -2.264731530
     1       1     0.15338     0.15462    -0.46138   -2.874043565   -5.142728562   -2.268684997
     1       1    -0.61661    -0.30738     0.00062   -1.255667962   -3.333275676   -2.077607715
     1       1     0.46138    -0.15338    -0.15338   -2.875857657   -5.141220333   -2.265362676
     1       1     0.30738     0.00062    -0.30738   -3.563938843   -5.914364694   -2.350425851
     1       1     0.15338     0.15462    -0.15338   -4.825463903   -7.339585833   -2.514121930
     1       1    -0.00062     0.30862    -0.30738   -3.556412788   -5.914429737   -2.358016949
     1       1     0.46138    -0.15338     0.15462   -2.874043076   -5.142884647   -2.268841571
     1       1     0.30738     0.00062     0.00062   -4.541362074   -7.017783556   -2.476421482
     1       1     0.30738     0.30862     0.00062   -3.556412875   -5.914995855   -2.358582981
     1       1     0.15338     0.46261    -0.15338   -2.865320865   -5.142098337   -2.276777472
     1       1    -0.00062     0.61661    -0.30738   -1.255667793   -3.328356004   -2.072688211
     1       1     0.46138     0.15462     0.15462   -2.872254521   -5.143501550   -2.271247029
     1       1    -0.15462    -0.15338    -0.46138   -2.874043237   -5.142054083   -2.268010846
     1       1     0.30738     0.61661     0.00062   -1.255667595   -3.331460573   -2.075792978
     1       1     0.15338    -0.46138    -0.15338   -2.875857633   -5.139223045   -2.263365411
     1       1    -0.00062    -0.30738    -0.30738   -3.563938681   -5.912706013   -2.348767331
     1       1    -0.00062     0.00062    -0.30738   -4.541362074   -7.017136973   -2.475774899
     1       1    -0.15462     0.15462    -0.46138   -2.872254358   -5.142601754   -2.270347397
     1       1     0.30738    -0.30738     0.00062   -3.563938596   -5.913218193   -2.349279598
     1       1     0.15338    -0.15338    -0.15338   -4.829663436   -7.339723702   -2.510060266
     1       2    -0.00062     0.00062     0.00062    6.473390066    5.139871317   -1.333518749
     1       2    -0.15462     0.15462    -0.15338    2.489503688    0.884424165   -1.605079523
     1       2    -0.30862     0.30862    -0.30738   -0.604855641   -2.587299987   -1.982444346
     1       2     0.15338    -0.15338     0.15462    2.501652224    0.883895662   -1.617756562
     1       2     0.15338     0.15462     0.15462    2.489504021    0.885288054   -1.604215966
     1       2    -0.00062     0.30862     0.00062    2.936669158    1.362935818   -1.573733340
     1       2    -0.15462     0.46261    -0.15338    0.017981613   -1.895101291   -1.913082903
     1       2     0.30738     0.00062     0.30862    0.942283885   -0.870746328   -1.813030213
     1       2     0.30738     0.30862     0.30862   -0.604855108   -2.587333812   -1.982478704
     1       2     0.15338     0.46261     0.15462    0.017982113   -1.894584687   -1.912566801
     1       2    -0.00062     0.61661     0.00062   -1.414399507   -3.511122856   -2.096723349
     1       2    -0.15462    -0.46138    -0.15338    0.026306504   -1.900297855   -1.926604359
     1       2    -0.15462    -0.15338    -0.15338    2.501652554    0.882813527   -1.618839027
     1       2    -0.30862     0.00062    -0.30738    0.942283882   -0.871746064   -1.814029946
     1       2     0.15338    -0.46138     0.15462    0.026306004   -1.899800702   -1.926106705
     1       2    -0.00062    -0.30738     0.00062    2.954857317    1.358739775   -1.596117542
     1       2    -0.15462    -0.15338     0.15462    2.489504676    0.880981187   -1.608523490
     1       2    -0.30862     0.00062     0.00062    2.936669150    1.359423952   -1.577245198
     1       2    -0.46261     0.15462    -0.15338    0.017981428   -1.895868800   -1.913850228
     1       2    -0.00062    -0.30738     0.30862    0.942284553   -0.872633381   -1.814917934
     1       2    -0.00062     0.00062     0.30862    2.936669158    1.360345983   -1.576323175
     1       2    -0.15462     0.15462     0.15462    2.477362510    0.880599422   -1.596763089
     1       2    -0.30862     0.30862     0.00062    0.932978985   -0.868426235   -1.801405220
     1       2     0.15338    -0.15338     0.46261    0.023318704   -1.895538986   -1.918857690
     1       2     0.15338     0.15462     0.46261    0.017981834   -1.895086371   -1.913068205
     1       2    -0.00062     0.30862     0.30862    0.932979346   -0.867978871   -1.800958217
     1       2    -0.15462     0.46261     0.15462    0.012644639   -1.895471591   -1.908116230
     1       2     0.30738     0.00062     0.61661   -1.242491760   -3.324179010   -2.081687250
     1       2    -0.30862    -0.30738     0.00062    0.942284914   -0.873083614   -1.815368527
     1       2    -0.46261    -0.15338    -0.15338    0.023319105   -1.896366630   -1.919685735
     1       2    -0.61661     0.00062    -0.30738   -1.242491956   -3.327261815   -2.084769859
     1       2    -0.15462    -0.46138     0.15462    0.020902740   -1.901927330   -1.922830070
     1       2    -0.30862    -0.30738     0.30862   -0.604854079   -2.587252600   -1.982398521
     1       2    -0.46261    -0.15338     0.15462    0.017982879   -1.897455021   -1.915437899
     1       2    -0.61661     0.00062     0.00062   -1.414399510   -3.511091369   -2.096691859
     1       2     0.46138     0.15462    -0.15338    0.026307267   -1.897303894   -1.923611161
     1       2    -0.15462    -0.15338     0.46261    0.017982785   -1.897177904   -1.915160689
     1       2    -0.30862     0.00062     0.30862    0.932980003   -0.869899932   -1.802879935
     1       2    -0.46261     0.15462     0.15462    0.012644821   -1.896347620   -1.908992442
     1       2    -0.00062    -0.30738     0.61661   -1.242492132   -3.322354711   -2.079862579
     1       2    -0.00062     0.00062     0.61661   -1.414399510   -3.511012296   -2.096612786
     1       2    -0.15462     0.15462     0.46261    0.012644915   -1.896008654   -1.908653570
     1       2    -0.30862     0.30862     0.30862   -0.604785913   -2.586151515   -1.981365602
     1       2     0.15338    -0.15338    -0.46138    0.031710668   -1.897141754   -1.928852422
     1       2     0.15338     0.15462    -0.46138    0.026307172   -1.897629648   -1.923936820
     1       2    -0.61661    -0.30738     0.00062   -1.242492525   -3.322284050   -2.079791525
     1       2     0.46138    -0.15338    -0.15338    0.031710572   -1.896879716   -1.928590288
     1       2     0.30738     0.00062    -0.30738    0.951616063   -0.871488649   -1.823104711
     1       2     0.15338     0.15462    -0.15338    2.501653210    0.887432493   -1.614220717
     1       2    -0.00062     0.30862    -0.30738    0.942284543   -0.869823280   -1.812107822
     1       2     0.46138    -0.15338     0.15462    0.026305816   -1.898922898   -1.925228714
     1       2     0.30738     0.00062     0.00062    2.954857299    1.362296558   -1.592560741
     1       2     0.30738     0.30862     0.00062    0.942284907   -0.869258942   -1.811543849
     1       2     0.15338     0.46261    -0.15338    0.023319871   -1.893400067   -1.916719938
     1       2    -0.00062     0.61661    -0.30738   -1.242492694   -3.327284795   -2.084792101
     1       2     0.46138     0.15462     0.15462    0.020901968   -1.899054477   -1.919956445
     1       2    -0.15462    -0.15338    -0.46138    0.026306220   -1.899733709   -1.926039930
     1       2     0.30738     0.61661     0.00062   -1.242492890   -3.324123050   -2.081630159
     1       2     0.15338    -0.46138    -0.15338    0.031710385   -1.897674761   -1.929385147
     1       2    -0.00062    -0.30738    -0.30738    0.951615400   -0.873407030   -1.825022429
     1       2    -0.00062     0.00062    -0.30738    2.954857301    1.361551635   -1.593305665
     1       2    -0.15462     0.15462    -0.46138    0.020901564   -1.899823688   -1.920725252
     1       2     0.30738    -0.30738     0.00062    0.951615035   -0.872846624   -1.824461659
     1       2     0.15338    -0.15338    -0.15338    2.513808172    0.887000853   -1.626807320
     1       3    -0.00062     0.00062     0.00062    6.473527936    5.140020609   -1.333507327
     1       3    -0.15462     0.15462    -0.15338    5.691669879    4.344660973   -1.347008905
     1       3    -0.30862     0.30862    -0.30738    5.252635323    3.843554446   -1.409080878
     1       3     0.15338    -0.15338     0.15462    5.694034510    4.345082648   -1.348951861
     1       3     0.15338     0.15462     0.15462    5.691669809    4.345949769   -1.345720040
     1       3    -0.00062     0.30862     0.00062    4.535048196    3.114644562   -1.420403634
     1       3    -0.15462     0.46261    -0.15338    2.856250011    1.319757378   -1.536492633
     1       3     0.30738     0.00062     0.30862    2.631869156    1.073087707   -1.558781449
     1       3     0.30738     0.30862     0.30862    5.252635268    3.843557720   -1.409077548
     1       3     0.15338     0.46261     0.15462    2.856249642    1.319644071   -1.536605571
     1       3    -0.00062     0.61661     0.00062    3.560442207    2.013285109   -1.547157097
     1       3    -0.15462    -0.46138    -0.15338    2.867992268    1.322020030   -1.545972238
     1       3    -0.15462    -0.15338    -0.15338    5.694034327    4.346613854   -1.347420474
     1       3    -0.30862     0.00062    -0.30738    2.631869159    1.072577949   -1.559291210
     1       3     0.15338    -0.46138     0.15462    2.867992638    1.321837072   -1.546155566
     1       3    -0.00062    -0.30738     0.00062    4.542629634    3.115338262   -1.427291371
     1       3    -0.15462    -0.15338     0.15462    5.691669808    4.343947227   -1.347722581
     1       3    -0.30862     0.00062     0.00062    4.535047761    3.113329550   -1.421718211
     1       3    -0.46261     0.15462    -0.15338    2.856250684    1.317617068   -1.538633616
     1       3    -0.00062    -0.30738     0.30862    2.631869117    1.071931691   -1.559937426
     1       3    -0.00062     0.00062     0.30862    4.535047645    3.113779485   -1.421268160
     1       3    -0.15462     0.15462     0.15462    5.693669017    4.350099131   -1.343569887
     1       3    -0.30862     0.30862     0.00062    2.625230944    1.071172705   -1.554058239
     1       3     0.15338    -0.15338     0.46261    2.856105778    1.320276403   -1.535829375
     1       3     0.15338     0.15462     0.46261    2.856250600    1.318010637   -1.538239963
     1       3    -0.00062     0.30862     0.30862    2.625230860    1.071317373   -1.553913487
     1       3    -0.15462     0.46261     0.15462    2.856463717    1.316657093   -1.539806624
     1       3     0.30738     0.00062     0.61661    2.519267049    0.944312560   -1.574954489
     1       3    -0.30862    -0.30738     0.00062    2.631869040    1.071731299   -1.560137741
     1       3    -0.46261    -0.15338    -0.15338    2.856105687    1.319867935   -1.536237752
     1       3    -0.61661     0.00062    -0.30738    2.519266973    0.944820668   -1.574446305
     1       3    -0.15462    -0.46138     0.15462    2.868244797    1.319240751   -1.549004046
     1       3    -0.30862    -0.30738     0.30862    5.252635354    3.843547487   -1.409087867
     1       3    -0.46261    -0.15338     0.15462    2.856249621    1.317728350   -1.538521271
     1       3    -0.61661     0.00062     0.00062    3.560441811    2.013203410   -1.547238401
     1       3     0.46138     0.15462    -0.15338    2.867992242    1.323945452   -1.544046790
     1       3    -0.15462    -0.15338     0.46261    2.856249903    1.318232935   -1.538016968
     1       3    -0.30862     0.00062     0.30862    2.625230854    1.070161657   -1.555069196
     1       3    -0.46261     0.15462     0.15462    2.856463040    1.314331430   -1.542131610
     1       3    -0.00062    -0.30738     0.61661    2.519266813    0.944279093   -1.574987720
     1       3    -0.00062     0.00062     0.61661    3.560441739    2.013154957   -1.547286782
     1       3    -0.15462     0.15462     0.46261    2.856462760    1.314933763   -1.541528997
     1       3    -0.30862     0.30862     0.30862    5.252750632    3.845181665   -1.407568968
     1       3     0.15338    -0.15338    -0.46138    2.867809310    1.326917442   -1.540891868
     1       3     0.15338     0.15462    -0.46138    2.867992522    1.323457773   -1.544534750
     1       3    -0.61661    -0.30738     0.00062    2.519266663    0.944547922   -1.574718742
     1       3     0.46138    -0.15338    -0.15338    2.867809592    1.327320978   -1.540488614
     1       3     0.30738     0.00062    -0.30738    2.638515487    1.075908792   -1.562606694
     1       3     0.15338     0.15462    -0.15338    5.694033805    4.345571128   -1.348462677
     1       3    -0.00062     0.30862    -0.30738    2.631869125    1.073799055   -1.558070070
     1       3     0.46138    -0.15338     0.15462    2.867993309    1.324146154   -1.543847155
     1       3     0.30738     0.00062     0.00062    4.542629210    3.116551907   -1.426077303
     1       3     0.30738     0.30862     0.00062    2.631869046    1.074102679   -1.557766367
     1       3     0.15338     0.46261    -0.15338    2.856105675    1.321799014   -1.534306661
     1       3    -0.00062     0.61661    -0.30738    2.519266494    0.944706170   -1.574560324
     1       3     0.46138     0.15462     0.15462    2.868244812    1.321141551   -1.547103261
     1       3    -0.15462    -0.15338    -0.46138    2.867993222    1.323839414   -1.544153808
     1       3     0.30738     0.61661     0.00062    2.519266419    0.944518041   -1.574748378
     1       3     0.15338    -0.46138    -0.15338    2.867810272    1.325185259   -1.542625013
     1       3    -0.00062    -0.30738    -0.30738    2.638515500    1.074682113   -1.563833387
     1       3    -0.00062     0.00062    -0.30738    4.542629101    3.116315717   -1.426313384
     1       3    -0.15462     0.15462    -0.46138    2.868244904    1.320862390   -1.547382514
     1       3     0.30738    -0.30738     0.00062    2.638515588    1.075053843   -1.563461745
     1       3     0.15338    -0.15338    -0.15338    5.700522661    4.350091394   -1.350431267
     1       4    -0.00062     0.00062     0.00062    6.473529216    5.140577892   -1.332951324
     1       4    -0.15462     0.15462    -0.15338    5.700106280    4.353005517   -1.347100764
     1       4    -0.30862     0.30862    -0.30738    5.252715370    3.843667109   -1.409048261
     1       4     0.15338    -0.15338     0.15462    5.702310589    4.353056014   -1.349254575
     1       4     0.15338     0.15462     0.15462    5.700106097    4.352220555   -1.347885542
     1       4    -0.00062     0.30862     0.00062    4.535073473    3.115454287   -1.419619185
     1       4    -0.15462     0.46261    -0.15338    4.218779756    2.746298352   -1.472481404
     1       4     0.30738     0.00062     0.30862    5.118265829    3.721312184   -1.396953645
     1       4     0.30738     0.30862     0.30862    5.252715233    3.843895436   -1.408819796
     1       4     0.15338     0.46261     0.15462    4.218779763    2.746165956   -1.472613807
     1       4    -0.00062     0.61661     0.00062    3.560512535    2.013398090   -1.547114445
     1       4    -0.15462    -0.46138    -0.15338    4.222320627    2.746899235   -1.475421392
     1       4    -0.15462    -0.15338    -0.15338    5.702310520    4.351412326   -1.350898194
     1       4    -0.30862     0.00062    -0.30738    5.118265829    3.721027773   -1.397238056
     1       4     0.15338    -0.46138     0.15462    4.222320621    2.746711241   -1.475609380
     1       4    -0.00062    -0.30738     0.00062    4.542654458    3.115467867   -1.427186591
     1       4    -0.15462    -0.15338     0.15462    5.700105574    4.352380588   -1.347724986
     1       4    -0.30862     0.00062     0.00062    4.535073927    3.114194074   -1.420879854
     1       4    -0.46261     0.15462    -0.15338    4.218779304    2.745034999   -1.473744305
     1       4    -0.00062    -0.30738     0.30862    5.118265357    3.720356227   -1.397909130
     1       4    -0.00062     0.00062     0.30862    4.535074032    3.114039045   -1.421034987
     1       4    -0.15462     0.15462     0.15462    5.693670083    4.349324311   -1.344345772
     1       4    -0.30862     0.30862     0.00062    5.113231393    3.718573308   -1.394658085
     1       4     0.15338    -0.15338     0.46261    4.215688521    2.743726875   -1.471961646
     1       4     0.15338     0.15462     0.46261    4.218779204    2.745090603   -1.473688601
     1       4    -0.00062     0.30862     0.30862    5.113231238    3.718942055   -1.394289183
     1       4    -0.15462     0.46261     0.15462    4.221966323    2.749977900   -1.471988423
     1       4     0.30738     0.00062     0.61661    2.529276758    0.954810766   -1.574465992
     1       4    -0.30862    -0.30738     0.00062    5.118265186    3.720191524   -1.398073661
     1       4    -0.46261    -0.15338    -0.15338    4.215688435    2.743947918   -1.471740517
     1       4    -0.61661     0.00062    -0.30738    2.529276836    0.954297868   -1.574978968
     1       4    -0.15462    -0.46138     0.15462    4.225502667    2.749444714   -1.476057953
     1       4    -0.30862    -0.30738     0.30862    5.252714765    3.843630476   -1.409084289
     1       4    -0.46261    -0.15338     0.15462    4.218779374    2.745884172   -1.472895202
     1       4    -0.61661     0.00062     0.00062    3.560512942    2.013450405   -1.547062537
     1       4     0.46138     0.15462    -0.15338    4.222320245    2.746817322   -1.475502922
     1       4    -0.15462    -0.15338     0.46261    4.218779264    2.746070316   -1.472708948
     1       4    -0.30862     0.00062     0.30862    5.113230709    3.717982970   -1.395247739
     1       4    -0.46261     0.15462     0.15462    4.221966792    2.748994887   -1.472971905
     1       4    -0.00062    -0.30738     0.61661    2.529276998    0.954791828   -1.574485170
     1       4    -0.00062     0.00062     0.61661    3.560513010    2.013242911   -1.547270100
     1       4    -0.15462     0.15462     0.46261    4.221966896    2.748961756   -1.473005140
     1       4    -0.30862     0.30862     0.30862    5.252751683    3.845258112   -1.407493570
     1       4     0.15338    -0.15338    -0.46138    4.219233229    2.745411832   -1.473821397
     1       4     0.15338     0.15462    -0.46138    4.222320137    2.746603209   -1.475716928
     1       4    -0.61661    -0.30738     0.00062    2.529277149    0.954531599   -1.574745550
     1       4     0.46138    -0.15338    -0.15338    4.219233124    2.745849135   -1.473383989
     1       4     0.30738     0.00062    -0.30738    5.123418540    3.725780354   -1.397638186
     1       4     0.15338     0.15462    -0.15338    5.702310520    4.353843814   -1.348466706
     1       4    -0.00062     0.30862    -0.30738    5.118265356    3.721731564   -1.396533792
     1       4     0.46138    -0.15338     0.15462    4.222320174    2.747678974   -1.474641200
     1       4     0.30738     0.00062     0.00062    4.542654913    3.116827344   -1.425827569
     1       4     0.30738     0.30862     0.00062    5.118265185    3.721849475   -1.396415710
     1       4     0.15338     0.46261    -0.15338    4.215688013    2.743877682   -1.471810331
     1       4    -0.00062     0.61661    -0.30738    2.529277318    0.954403259   -1.574874059
     1       4     0.46138     0.15462     0.15462    4.225503089    2.749711473   -1.475791616
     1       4    -0.15462    -0.15338    -0.46138    4.222320076    2.747650815   -1.474669261
     1       4     0.30738     0.61661     0.00062    2.529277393    0.954601054   -1.574676338
     1       4     0.15338    -0.46138    -0.15338    4.219232656    2.744596820   -1.474635836
     1       4    -0.00062    -0.30738    -0.30738    5.123419070    3.725077987   -1.398341083
     1       4    -0.00062     0.00062    -0.30738    4.542655017    3.116383826   -1.426271191
     1       4    -0.15462     0.15462    -0.46138    4.225503175    2.749408585   -1.476094590
     1       4     0.30738    -0.30738     0.00062    5.123419225    3.724998888   -1.398420337
     1       4     0.15338    -0.15338    -0.15338    5.700523728    4.351032335   -1.349491392
     1       5     0.00000     0.00000     0.00000    9.026314241    8.897831538   -0.128482703
     1       5    -0.15400     0.15400    -0.15400    8.536386893    8.297969574   -0.238417319
     1       5    -0.30800     0.30800    -0.30800    8.045669244    7.760185490   -0.285483754
     1       5     0.15400    -0.15400     0.15400    8.536386891    8.297011173   -0.239375718
     1       5     0.15400     0.15400     0.15400    8.536387195    8.298171359   -0.238215836
     1       5     0.00000     0.30800     0.00000    7.560505672    7.219631548   -0.340874124
     1       5    -0.15400     0.46200    -0.15400    7.947965116    7.628101253   -0.319863863
     1       5     0.30800     0.00000     0.30800    8.908972389    8.704716481   -0.204255908
     1       5     0.30800     0.30800     0.30800    8.045669427    7.760242909   -0.285426518
     1       5     0.15400     0.46200     0.15400    7.947965003    7.627936199   -0.320028804
     1       5     0.00000     0.61600     0.00000    7.119474904    6.723375584   -0.396099320
     1       5    -0.15400    -0.46200    -0.15400    7.947965003    7.627489123   -0.320475880
     1       5    -0.15400    -0.15400    -0.15400    8.536387188    8.296895654   -0.239491534
     1       5    -0.30800     0.00000    -0.30800    8.908972388    8.704461851   -0.204510537
     1       5     0.15400    -0.46200     0.15400    7.947965118    7.627283838   -0.320681280
     1       5     0.00000    -0.30800     0.00000    7.560505669    7.218254902   -0.342250767
     1       5    -0.15400    -0.15400     0.15400    8.536386238    8.297653391   -0.238732847
     1       5    -0.30800     0.00000     0.00000    7.560505611    7.218900414   -0.341605197
     1       5    -0.46200     0.15400    -0.15400    7.947963147    7.627206420   -0.320756727
     1       5     0.00000    -0.30800     0.30800    8.908970345    8.704261748   -0.204708597
     1       5     0.00000     0.00000     0.30800    7.560505634    7.219051760   -0.341453874
     1       5    -0.15400     0.15400     0.15400    8.536387575    8.296955926   -0.239431649
     1       5    -0.30800     0.30800     0.00000    8.908971910    8.703509162   -0.205462748
     1       5     0.15400    -0.15400     0.46200    7.947964647    7.626586925   -0.321377722
     1       5     0.15400     0.15400     0.46200    7.947964060    7.627265617   -0.320698443
     1       5     0.00000     0.30800     0.30800    8.908972954    8.703782364   -0.205190590
     1       5    -0.15400     0.46200     0.15400    7.947963639    7.627976510   -0.319987129
     1       5     0.30800     0.00000     0.61600   10.730354234   10.476453258   -0.253900976
     1       5    -0.30800    -0.30800     0.00000    8.908971397    8.704131817   -0.204839580
     1       5    -0.46200    -0.15400    -0.15400    7.947965532    7.626694417   -0.321271115
     1       5    -0.61600     0.00000    -0.30800   10.730353732   10.477117092   -0.253236640
     1       5    -0.15400    -0.46200     0.15400    7.947963935    7.627627878   -0.320336057
     1       5    -0.30800    -0.30800     0.30800    8.045668742    7.760223325   -0.285445417
     1       5    -0.46200    -0.15400     0.15400    7.947963321    7.627819249   -0.320144072
     1       5    -0.61600     0.00000     0.00000    7.119474400    6.723915855   -0.395558545
     1       5     0.46200     0.15400    -0.15400    7.947963318    7.627674990   -0.320288328
     1       5    -0.15400    -0.15400     0.46200    7.947964341    7.628032476   -0.319931865
     1       5    -0.30800     0.00000     0.30800    8.908970969    8.703257075   -0.205713894
     1       5    -0.46200     0.15400     0.15400    7.947965518    7.627039015   -0.320926503
     1       5     0.00000    -0.30800     0.61600   10.730353816   10.471087766   -0.259266050
     1       5     0.00000     0.00000     0.61600    7.119475072    6.723730942   -0.395744130
     1       5    -0.15400     0.15400     0.46200    7.947964529    7.627136018   -0.320828511
     1       5    -0.30800     0.30800     0.30800    8.045669838    7.759982301   -0.285687537
     1       5     0.15400    -0.15400    -0.46200    7.947964527    7.627236000   -0.320728527
     1       5     0.15400     0.15400    -0.46200    7.947964341    7.627469644   -0.320494697
     1       5    -0.61600    -0.30800     0.00000   10.730353815   10.474989670   -0.255364145
     1       5     0.46200    -0.15400    -0.15400    7.947965518    7.627568965   -0.320396553
     1       5     0.30800     0.00000    -0.30800    8.908970965    8.705847601   -0.203123364
     1       5     0.15400     0.15400    -0.15400    8.536386233    8.297379514   -0.239006719
     1       5     0.00000     0.30800    -0.30800    8.908970344    8.705025723   -0.203944621
     1       5     0.46200    -0.15400     0.15400    7.947963150    7.628286875   -0.319676275
     1       5     0.30800     0.00000     0.00000    7.560505609    7.219093490   -0.341412119
     1       5     0.30800     0.30800     0.00000    8.908971397    8.705132901   -0.203838496
     1       5     0.15400     0.46200    -0.15400    7.947963930    7.626824367   -0.321139563
     1       5     0.00000     0.61600    -0.30800   10.730353733   10.468749293   -0.261604440
     1       5     0.46200     0.15400     0.15400    7.947965528    7.627808270   -0.320157258
     1       5    -0.15400    -0.15400    -0.46200    7.947964060    7.628275031   -0.319689029
     1       5     0.30800     0.61600     0.00000   10.730354236   10.468853825   -0.261500411
     1       5     0.15400    -0.46200    -0.15400    7.947963643    7.626619584   -0.321344059
     1       5     0.00000    -0.30800    -0.30800    8.908972956    8.705373460   -0.203599496
     1       5     0.00000     0.00000    -0.30800    7.560505635    7.218785484   -0.341720151
     1       5    -0.15400     0.15400    -0.46200    7.947964648    7.627639294   -0.320325354
     1       5     0.30800    -0.30800     0.00000    8.908971905    8.705349933   -0.203621972
     1       5     0.15400    -0.15400    -0.15400    8.536387571    8.297548197   -0.238839374
     1       6     0.00000     0.00000     0.00000    9.026315026    8.897882046   -0.128432980
     1       6    -0.15400     0.15400    -0.15400    9.976911924    9.884887232   -0.092024692
     1       6    -0.30800     0.30800    -0.30800    9.785110925    9.693974158   -0.091136767
     1       6     0.15400    -0.15400     0.15400    9.976911925    9.884040839   -0.092871086
     1       6     0.15400     0.15400     0.15400    9.976912692    9.886835359   -0.090077333
     1       6     0.00000     0.30800     0.00000    9.576364596    9.381863116   -0.194501480
     1       6    -0.15400     0.46200    -0.15400   10.918809303   10.738280083   -0.180529220
     1       6     0.30800     0.00000     0.30800   11.284742078   11.324545190    0.039803112
     1       6     0.30800     0.30800     0.30800    9.785111875    9.694584206   -0.090527669
     1       6     0.15400     0.46200     0.15400   10.918809312   10.737313425   -0.181495887
     1       6     0.00000     0.61600     0.00000    7.119476126    6.723869036   -0.395607090
     1       6    -0.15400    -0.46200    -0.15400   10.918809312   10.738137049   -0.180672263
     1       6    -0.15400    -0.15400    -0.15400    9.976912690    9.883123396   -0.093789294
     1       6    -0.30800     0.00000    -0.30800   11.284742078   11.325055699    0.040313621
     1       6     0.15400    -0.46200     0.15400   10.918809308   10.737083047   -0.181726261
     1       6     0.00000    -0.30800     0.00000    9.576364596    9.381140322   -0.195224274
     1       6    -0.15400    -0.15400     0.15400    9.976911997    9.886177727   -0.090734270
     1       6    -0.30800     0.00000     0.00000    9.576364602    9.380361294   -0.196003308
     1       6    -0.46200     0.15400    -0.15400   10.918810672   10.735526426   -0.183284246
     1       6     0.00000    -0.30800     0.30800   11.284742680   11.325547853    0.040805173
     1       6     0.00000     0.00000     0.30800    9.576364576    9.380705199   -0.195659377
     1       6    -0.15400     0.15400     0.15400    9.976912116    9.882387009   -0.094525107
     1       6    -0.30800     0.30800     0.00000   11.284741766   11.322282738    0.037540972
     1       6     0.15400    -0.15400     0.46200   10.918809602   10.746215586   -0.172594016
     1       6     0.15400     0.15400     0.46200   10.918809980   10.734897700   -0.183912280
     1       6     0.00000     0.30800     0.30800   11.284741600   11.322109788    0.037368188
     1       6    -0.15400     0.46200     0.15400   10.918810383   10.730876449   -0.187933934
     1       6     0.30800     0.00000     0.61600   10.730355141   10.469012021   -0.261343120
     1       6    -0.30800    -0.30800     0.00000   11.284742528   11.325873727    0.041131199
     1       6    -0.46200    -0.15400    -0.15400   10.918808816   10.746605722   -0.172203094
     1       6    -0.61600     0.00000    -0.30800   10.730355415   10.468560653   -0.261794762
     1       6    -0.15400    -0.46200     0.15400   10.918810243   10.730514142   -0.188296101
     1       6    -0.30800    -0.30800     0.30800    9.785111025    9.693949748   -0.091161277
     1       6    -0.46200    -0.15400     0.15400   10.918810621   10.739358399   -0.179452222
     1       6    -0.61600     0.00000     0.00000    7.119476523    6.723388170   -0.396088353
     1       6     0.46200     0.15400    -0.15400   10.918810624   10.736219770   -0.182590854
     1       6    -0.15400    -0.15400     0.46200   10.918809919   10.739733914   -0.179076005
     1       6    -0.30800     0.00000     0.30800   11.284742178   11.323128651    0.038386473
     1       6    -0.46200     0.15400     0.15400   10.918808903   10.727992990   -0.190815913
     1       6     0.00000    -0.30800     0.61600   10.730355285   10.474427328   -0.255927957
     1       6     0.00000     0.00000     0.61600    7.119475900    6.723449415   -0.396026485
     1       6    -0.15400     0.15400     0.46200   10.918809670   10.728656263   -0.190153407
     1       6    -0.30800     0.30800     0.30800    9.785111201    9.693548027   -0.091563174
     1       6     0.15400    -0.15400    -0.46200   10.918809671   10.746964290   -0.171845381
     1       6     0.15400     0.15400    -0.46200   10.918809920   10.735308427   -0.183501493
     1       6    -0.61600    -0.30800     0.00000   10.730355288   10.470513605   -0.259841683
     1       6     0.46200    -0.15400    -0.15400   10.918808899   10.747548991   -0.171259908
     1       6     0.30800     0.00000    -0.30800   11.284742177   11.329354504    0.044612327
     1       6     0.15400     0.15400    -0.15400    9.976911995    9.883007479   -0.093904516
     1       6     0.00000     0.30800    -0.30800   11.284742680   11.323919992    0.039177312
     1       6     0.46200    -0.15400     0.15400   10.918810672   10.740042621   -0.178768051
     1       6     0.30800     0.00000     0.00000    9.576364601    9.382626714   -0.193737887
     1       6     0.30800     0.30800     0.00000   11.284742528   11.323767350    0.039024822
     1       6     0.15400     0.46200    -0.15400   10.918810245   10.744597797   -0.174212448
     1       6     0.00000     0.61600    -0.30800   10.730355417   10.476926589   -0.253428828
     1       6     0.46200     0.15400     0.15400   10.918808815   10.728544348   -0.190264467
     1       6    -0.15400    -0.15400    -0.46200   10.918809980   10.740221870   -0.178588110
     1       6     0.30800     0.61600     0.00000   10.730355141   10.476620406   -0.253734735
     1       6     0.15400    -0.46200    -0.15400   10.918810388   10.744705252   -0.174105136
     1       6     0.00000    -0.30800    -0.30800   11.284741601   11.330450500    0.045708899
     1       6     0.00000     0.00000    -0.30800    9.576364577    9.382370308   -0.193994269
     1       6    -0.15400     0.15400    -0.46200   10.918809600   10.728925624   -0.189883976
     1       6     0.30800    -0.30800     0.00000   11.284741766   11.330115323    0.045373557
     1       6     0.15400    -0.15400    -0.15400    9.976912117    9.886434094   -0.090478023
     1       7     0.00000     0.00000     0.00000    9.026315658    8.894414538   -0.131901120
     1       7    -0.15400     0.15400    -0.15400    9.976913758    9.880017438   -0.096896320
     1       7    -0.30800     0.30800    -0.30800    9.785113254    9.692937751   -0.092175503
     1       7     0.15400    -0.15400     0.15400    9.976913759    9.885806619   -0.091107140
     1       7     0.15400     0.15400     0.15400    9.976914220    9.878025773   -0.098888447
     1       7     0.00000     0.30800     0.00000   12.282728761   12.307957444    0.025228683
     1       7    -0.15400     0.46200    -0.15400   12.291590112   12.306326776    0.014736664
     1       7     0.30800     0.00000     0.30800   11.643280649   11.439214333   -0.204066316
     1       7     0.30800     0.30800     0.30800    9.785113607    9.692481398   -0.092632209
     1       7     0.15400     0.46200     0.15400   12.291590696   12.307088971    0.015498275
     1       7     0.00000     0.61600     0.00000   16.729006726   17.162728333    0.433721607
     1       7    -0.15400    -0.46200    -0.15400   12.291590697   12.321660852    0.030070155
     1       7    -0.15400    -0.15400    -0.15400    9.976914216    9.886991017   -0.089923199
     1       7    -0.30800     0.00000    -0.30800   11.643280648   11.439720110   -0.203560538
     1       7     0.15400    -0.46200     0.15400   12.291590116   12.322090815    0.030500699
     1       7     0.00000    -0.30800     0.00000   12.282728765   12.323575456    0.040846691
     1       7    -0.15400    -0.15400     0.15400    9.976912819    9.879449902   -0.097462917
     1       7    -0.30800     0.00000     0.00000   12.282728658   12.309658784    0.026930126
     1       7    -0.46200     0.15400    -0.15400   12.291591095   12.310156630    0.018565535
     1       7     0.00000    -0.30800     0.30800   11.643281380   11.440464569   -0.202816811
     1       7     0.00000     0.00000     0.30800   12.282728902   12.309846975    0.027118073
     1       7    -0.15400     0.15400     0.15400    9.976913691    9.880972636   -0.095941055
     1       7    -0.30800     0.30800     0.00000   11.643280925   11.432539666   -0.210741259
     1       7     0.15400    -0.15400     0.46200   12.291590544   12.300850061    0.009259517
     1       7     0.15400     0.15400     0.46200   12.291591140   12.310016398    0.018425258
     1       7     0.00000     0.30800     0.30800   11.643280702   11.432213173   -0.211067529
     1       7    -0.15400     0.46200     0.15400   12.291591351   12.312056418    0.020465067
     1       7     0.30800     0.00000     0.61600   11.516375292   11.545781619    0.029406327
     1       7    -0.30800    -0.30800     0.00000   11.643280982   11.440786544   -0.202494438
     1       7    -0.46200    -0.15400    -0.15400   12.291590569   12.301103414    0.009512845
     1       7    -0.61600     0.00000    -0.30800   11.516374979   11.545767813    0.029392834
     1       7    -0.15400    -0.46200     0.15400   12.291590412   12.325137413    0.033547001
     1       7    -0.30800    -0.30800     0.30800    9.785112078    9.693078805   -0.092033273
     1       7    -0.46200    -0.15400     0.15400   12.291590523   12.308137237    0.016546714
     1       7    -0.61600     0.00000     0.00000   16.729006682   17.162857282    0.433850600
     1       7     0.46200     0.15400    -0.15400   12.291590527   12.320496650    0.028906123
     1       7    -0.15400    -0.15400     0.46200   12.291589978   12.307257197    0.015667219
     1       7    -0.30800     0.00000     0.30800   11.643281281   11.433511906   -0.209769375
     1       7    -0.46200     0.15400     0.15400   12.291590394   12.315813635    0.024223241
     1       7     0.00000    -0.30800     0.61600   11.516375196   11.542949664    0.026574468
     1       7     0.00000     0.00000     0.61600   16.729006807   17.162682268    0.433675461
     1       7    -0.15400     0.15400     0.46200   12.291590909   12.315127358    0.023536449
     1       7    -0.30800     0.30800     0.30800    9.785113249    9.693452248   -0.091661001
     1       7     0.15400    -0.15400    -0.46200   12.291590909   12.313901317    0.022310408
     1       7     0.15400     0.15400    -0.46200   12.291589977   12.321279326    0.029689349
     1       7    -0.61600    -0.30800     0.00000   11.516375195   11.544451165    0.028075970
     1       7     0.46200    -0.15400    -0.15400   12.291590394   12.312897468    0.021307074
     1       7     0.30800     0.00000    -0.30800   11.643281281   11.444462792   -0.198818489
     1       7     0.15400     0.15400    -0.15400    9.976912819    9.886309050   -0.090603769
     1       7     0.00000     0.30800    -0.30800   11.643281381   11.438374728   -0.204906653
     1       7     0.46200    -0.15400     0.15400   12.291591097   12.318274634    0.026683537
     1       7     0.30800     0.00000     0.00000   12.282728658   12.320363991    0.037635333
     1       7     0.30800     0.30800     0.00000   11.643280983   11.438204396   -0.205076587
     1       7     0.15400     0.46200    -0.15400   12.291590409   12.299988429    0.008398020
     1       7     0.00000     0.61600    -0.30800   11.516374976   11.542691719    0.026316743
     1       7     0.46200     0.15400     0.15400   12.291590568   12.324028593    0.032438025
     1       7    -0.15400    -0.15400    -0.46200   12.291591138   12.318650554    0.027059416
     1       7     0.30800     0.61600     0.00000   11.516375291   11.542713257    0.026337966
     1       7     0.15400    -0.46200    -0.15400   12.291591357   12.316775353    0.025183996
     1       7     0.00000    -0.30800    -0.30800   11.643280701   11.445761810   -0.197518891
     1       7     0.00000     0.00000    -0.30800   12.282728902   12.321557401    0.038828499
     1       7    -0.15400     0.15400    -0.46200   12.291590543   12.324270115    0.032679572
     1       7     0.30800    -0.30800     0.00000   11.643280925   11.445578955   -0.197701970
     1       7     0.15400    -0.15400    -0.15400    9.976913691    9.887734693   -0.089178998
     1       8     0.00000     0.00000     0.00000   10.004356069    9.964661915   -0.039694154
     1       8    -0.15400     0.15400    -0.15400   13.515694533   13.555702317    0.040007784
     1       8    -0.30800     0.30800    -0.30800   14.194056139   14.035523570   -0.158532569
     1       8     0.15400    -0.15400     0.15400   13.515694533   13.565343116    0.049648583
     1       8     0.15400     0.15400     0.15400   13.515693854   13.555034499    0.039340645
     1       8     0.00000     0.30800     0.00000   12.282729493   12.306778570    0.024049077
     1       8    -0.15400     0.46200    -0.15400   12.419118276   12.476552035    0.057433759
     1       8     0.30800     0.00000     0.30800   12.689923936   12.737647215    0.047723279
     1       8     0.30800     0.30800     0.30800   14.194056828   14.035566773   -0.158490055
     1       8     0.15400     0.46200     0.15400   12.419119188   12.477248433    0.058129245
     1       8     0.00000     0.61600     0.00000   16.729007288   17.163280702    0.434273414
     1       8    -0.15400    -0.46200    -0.15400   12.419119185   12.486164418    0.067045233
     1       8    -0.15400    -0.15400    -0.15400   13.515693851   13.565903129    0.050209278
     1       8    -0.30800     0.00000    -0.30800   12.689923934   12.737958111    0.048034177
     1       8     0.15400    -0.46200     0.15400   12.419118279   12.486683809    0.067565530
     1       8     0.00000    -0.30800     0.00000   12.282729489   12.322578673    0.039849184
     1       8    -0.15400    -0.15400     0.15400   13.515695234   13.557878572    0.042183338
     1       8    -0.30800     0.00000     0.00000   12.282729546   12.310044722    0.027315176
     1       8    -0.46200     0.15400    -0.15400   12.419119294   12.479595921    0.060476627
     1       8     0.00000    -0.30800     0.30800   12.689923951   12.738261747    0.048337796
     1       8     0.00000     0.00000     0.30800   12.282729386   12.308814273    0.026084887
     1       8    -0.15400     0.15400     0.15400   13.515694225   13.547303018    0.031608793
     1       8    -0.30800     0.30800     0.00000   12.689924239   12.735314579    0.045390340
     1       8     0.15400    -0.15400     0.46200   12.419118297   12.475262892    0.056144595
     1       8     0.15400     0.15400     0.46200   12.419119749   12.479545568    0.060425819
     1       8     0.00000     0.30800     0.30800   12.689923961   12.735157824    0.045233863
     1       8    -0.15400     0.46200     0.15400   12.419119276   12.480662864    0.061543588
     1       8     0.30800     0.00000     0.61600   11.516376150   11.542710554    0.026334404
     1       8    -0.30800    -0.30800     0.00000   12.689923884   12.738513061    0.048589177
     1       8    -0.46200    -0.15400    -0.15400   12.419118806   12.475493325    0.056374519
     1       8    -0.61600     0.00000    -0.30800   11.516376640   11.543036486    0.026659846
     1       8    -0.15400    -0.46200     0.15400   12.419117934   12.490692134    0.071574200
     1       8    -0.30800    -0.30800     0.30800   14.194055653   14.035548344   -0.158507309
     1       8    -0.46200    -0.15400     0.15400   12.419118404   12.477726544    0.058608140
     1       8    -0.61600     0.00000     0.00000   16.729007237   17.163125743    0.434118506
     1       8     0.46200     0.15400    -0.15400   12.419118407   12.485617777    0.066499370
     1       8    -0.15400    -0.15400     0.46200   12.419117972   12.476993410    0.057875438
     1       8    -0.30800     0.00000     0.30800   12.689924208   12.735826067    0.045901859
     1       8    -0.46200     0.15400     0.15400   12.419118258   12.483750114    0.064631856
     1       8     0.00000    -0.30800     0.61600   11.516376444   11.545677210    0.029300766
     1       8     0.00000     0.00000     0.61600   16.729007319   17.163344036    0.434336717
     1       8    -0.15400     0.15400     0.46200   12.419118758   12.483002557    0.063883799
     1       8    -0.30800     0.30800     0.30800   14.194056515   14.034737320   -0.159319195
     1       8     0.15400    -0.15400    -0.46200   12.419118755   12.481406876    0.062288121
     1       8     0.15400     0.15400    -0.46200   12.419117973   12.486268578    0.067150605
     1       8    -0.61600    -0.30800     0.00000   11.516376445   11.544153518    0.027777073
     1       8     0.46200    -0.15400    -0.15400   12.419118258   12.480757466    0.061639208
     1       8     0.30800     0.00000    -0.30800   12.689924207   12.741861012    0.051936805
     1       8     0.15400     0.15400    -0.15400   13.515695232   13.563068545    0.047373313
     1       8     0.00000     0.30800    -0.30800   12.689923952   12.737215168    0.047291216
     1       8     0.46200    -0.15400     0.15400   12.419119287   12.483607917    0.064488630
     1       8     0.30800     0.00000     0.00000   12.282729545   12.320699853    0.037970308
     1       8     0.30800     0.30800     0.00000   12.689923882   12.737172188    0.047248306
     1       8     0.15400     0.46200    -0.15400   12.419117939   12.474929304    0.055811365
     1       8     0.00000     0.61600    -0.30800   11.516376637   11.546103937    0.029727300
     1       8     0.46200     0.15400     0.15400   12.419118804   12.490226915    0.071108111
     1       8    -0.15400    -0.15400    -0.46200   12.419119746   12.483753787    0.064634041
     1       8     0.30800     0.61600     0.00000   11.516376156   11.545792217    0.029416061
     1       8     0.15400    -0.46200    -0.15400   12.419119284   12.483784802    0.064665518
     1       8     0.00000    -0.30800    -0.30800   12.689923966   12.742540771    0.052616805
     1       8     0.00000     0.00000    -0.30800   12.282729388   12.320687431    0.037958043
     1       8    -0.15400     0.15400    -0.46200   12.419118299   12.490179995    0.071061696
     1       8     0.30800    -0.30800     0.00000   12.689924238   12.742387734    0.052463496
     1       8     0.15400    -0.15400    -0.15400   13.515694223   13.572395879    0.056701656
