         615   1.7075440140293010        1.0000000000000000E-003   1.0000000000000000E-003   1.0000000000000000E-003   (4.60136834201398184E-002,1.33546655535461212E-019)
   4.6013683420139818E-002   0.0000000000000000        0.0000000000000000        0.0000000000000000     
  0.18834645539262868        0.0000000000000000        0.0000000000000000       0.25000000000000000     
  0.18834645990795362        0.0000000000000000        0.0000000000000000      -0.25000000000000000     
  0.18834644292909686        0.0000000000000000       0.25000000000000000        0.0000000000000000     
  0.18834644166059550        0.0000000000000000      -0.25000000000000000        0.0000000000000000     
  0.18834647312988778       0.25000000000000000        0.0000000000000000        0.0000000000000000     
  0.18834647514142666      -0.25000000000000000        0.0000000000000000        0.0000000000000000     
  0.18834645216339876       0.25000000000000000       0.25000000000000000       0.25000000000000000     
  0.18834645050210447      -0.25000000000000000      -0.25000000000000000      -0.25000000000000000     
  0.18377524639454965        0.0000000000000000       0.25000000000000000       0.25000000000000000     
  0.18377524304827042        0.0000000000000000      -0.25000000000000000      -0.25000000000000000     
  0.18377524127062453       0.25000000000000000        0.0000000000000000       0.25000000000000000     
  0.18377524689528296       0.25000000000000000       0.25000000000000000        0.0000000000000000     
  0.18377524401924977      -0.25000000000000000        0.0000000000000000      -0.25000000000000000     
  0.18377524466826178      -0.25000000000000000      -0.25000000000000000        0.0000000000000000     
  0.26966109454034515        0.0000000000000000       0.25000000000000000      -0.25000000000000000     
  0.26966109390992982        0.0000000000000000      -0.25000000000000000       0.25000000000000000     
  0.26966113295851879       0.25000000000000000        0.0000000000000000      -0.25000000000000000     
  0.26966111064592602       0.25000000000000000      -0.25000000000000000        0.0000000000000000     
  0.26966113398343883      -0.25000000000000000        0.0000000000000000       0.25000000000000000     
  0.26966111580764524      -0.25000000000000000       0.25000000000000000        0.0000000000000000     
  0.26966110383281472       0.25000000000000000       0.25000000000000000       0.50000000000000000     
  0.26966108851388126       0.25000000000000000       0.50000000000000000       0.25000000000000000     
  0.26966112328272945       0.50000000000000000       0.25000000000000000       0.25000000000000000     
  0.26966112388296593      -0.50000000000000000      -0.25000000000000000      -0.25000000000000000     
  0.26966108531178540      -0.25000000000000000      -0.50000000000000000      -0.25000000000000000     
  0.26966110856909636      -0.25000000000000000      -0.25000000000000000      -0.50000000000000000     
  0.32101018297398592       0.25000000000000000      -0.25000000000000000       0.25000000000000000     
  0.32101021249299444       0.25000000000000000      -0.25000000000000000      -0.25000000000000000     
  0.32101021615950398      -0.25000000000000000       0.25000000000000000       0.25000000000000000     
  0.32101018252808550      -0.25000000000000000       0.25000000000000000      -0.25000000000000000     
  0.32101020472013581        0.0000000000000000       0.25000000000000000       0.50000000000000000     
  0.32101018123077135        0.0000000000000000       0.50000000000000000       0.25000000000000000     
  0.32101017523598147        0.0000000000000000      -0.50000000000000000      -0.25000000000000000     
  0.32101020814168901        0.0000000000000000      -0.25000000000000000      -0.50000000000000000     
  0.32101018981205520       0.25000000000000000        0.0000000000000000       0.50000000000000000     
  0.32101019812684606       0.25000000000000000       0.25000000000000000      -0.25000000000000000     
  0.32101017555690203       0.25000000000000000       0.50000000000000000        0.0000000000000000     
  0.32101021230215437       0.50000000000000000        0.0000000000000000       0.25000000000000000     
  0.32101021574462085      -0.50000000000000000        0.0000000000000000      -0.25000000000000000     
  0.32101022515832278       0.50000000000000000       0.25000000000000000        0.0000000000000000     
  0.32101019179782597       0.50000000000000000       0.50000000000000000       0.25000000000000000     
  0.32101018702127904      -0.50000000000000000      -0.50000000000000000      -0.25000000000000000     
  0.32101022683562758      -0.50000000000000000      -0.25000000000000000        0.0000000000000000     
  0.32101019272890013      -0.25000000000000000        0.0000000000000000      -0.50000000000000000     
  0.32101017670012233      -0.25000000000000000      -0.50000000000000000        0.0000000000000000     
  0.32101020085887622      -0.25000000000000000      -0.25000000000000000       0.25000000000000000     
  0.32101018050951879       0.25000000000000000       0.50000000000000000       0.50000000000000000     
  0.32101019829907640       0.50000000000000000       0.25000000000000000       0.50000000000000000     
  0.32101019961399352      -0.50000000000000000      -0.25000000000000000      -0.50000000000000000     
  0.32101018006839449      -0.25000000000000000      -0.50000000000000000      -0.50000000000000000     
  0.40996495501839081        0.0000000000000000        0.0000000000000000       0.50000000000000000     
  0.40996495967011271        0.0000000000000000        0.0000000000000000      -0.50000000000000000     
  0.40996490950884301        0.0000000000000000       0.50000000000000000        0.0000000000000000     
  0.40996489981344980        0.0000000000000000      -0.50000000000000000        0.0000000000000000     
  0.40996500896317017       0.50000000000000000        0.0000000000000000        0.0000000000000000     
  0.40996501809003205      -0.50000000000000000        0.0000000000000000        0.0000000000000000     
  0.40996492727136791       0.50000000000000000       0.50000000000000000       0.50000000000000000     
  0.40996493189784972      -0.50000000000000000      -0.50000000000000000      -0.50000000000000000     
  0.40261389171918910        0.0000000000000000       0.50000000000000000       0.50000000000000000     
  0.40261388721060848        0.0000000000000000      -0.50000000000000000      -0.50000000000000000     
  0.40261389559915889      -0.50000000000000000        0.0000000000000000      -0.50000000000000000     
  0.40261389882809340       0.50000000000000000        0.0000000000000000       0.50000000000000000     
  0.40261390406884673       0.50000000000000000       0.50000000000000000        0.0000000000000000     
  0.40261388907089329      -0.50000000000000000      -0.50000000000000000        0.0000000000000000     
  0.46883641309169177        0.0000000000000000       0.25000000000000000      -0.50000000000000000     
  0.46883638500761665        0.0000000000000000      -0.50000000000000000       0.25000000000000000     
  0.46883638550603995        0.0000000000000000       0.50000000000000000      -0.25000000000000000     
  0.46883641178013946        0.0000000000000000      -0.25000000000000000       0.50000000000000000     
  0.46883646208991681       0.25000000000000000        0.0000000000000000      -0.50000000000000000     
  0.46883642550058380       0.25000000000000000       0.25000000000000000       0.75000000000000000     
  0.46883639994194071       0.25000000000000000      -0.50000000000000000        0.0000000000000000     
  0.46883643184796681      -0.75000000000000000      -0.50000000000000000      -0.50000000000000000     
  0.46883648481387191      -0.50000000000000000        0.0000000000000000       0.25000000000000000     
  0.46883647646107834       0.50000000000000000        0.0000000000000000      -0.25000000000000000     
  0.46883646166186327      -0.50000000000000000       0.25000000000000000        0.0000000000000000     
  0.46883638385632059      -0.50000000000000000      -0.75000000000000000      -0.50000000000000000     
  0.46883645006830965       0.50000000000000000      -0.25000000000000000        0.0000000000000000     
  0.46883638530250882       0.50000000000000000       0.75000000000000000       0.50000000000000000     
  0.46883645859755901      -0.25000000000000000        0.0000000000000000       0.50000000000000000     
  0.46883641418048166      -0.25000000000000000       0.50000000000000000        0.0000000000000000     
  0.46883643209781528       0.75000000000000000       0.50000000000000000       0.50000000000000000     
  0.46883642697895944      -0.25000000000000000      -0.25000000000000000      -0.75000000000000000     
  0.46883641206516946      -0.50000000000000000      -0.50000000000000000      -0.75000000000000000     
  0.46883641082304767       0.50000000000000000       0.50000000000000000       0.75000000000000000     
  0.46883637986367305       0.25000000000000000       0.75000000000000000       0.25000000000000000     
  0.46883646436167448      -0.75000000000000000      -0.25000000000000000      -0.25000000000000000     
  0.46883646658922606       0.75000000000000000       0.25000000000000000       0.25000000000000000     
  0.46883637146718393      -0.25000000000000000      -0.75000000000000000      -0.25000000000000000     
  0.45756924305863250       0.25000000000000000       0.50000000000000000      -0.25000000000000000     
  0.45756926007060805       0.25000000000000000      -0.50000000000000000      -0.25000000000000000     
  0.45756924834553231       0.25000000000000000      -0.25000000000000000       0.50000000000000000     
  0.45756929041501704       0.25000000000000000      -0.25000000000000000      -0.50000000000000000     
  0.45756927096484890      -0.50000000000000000       0.25000000000000000      -0.25000000000000000     
  0.45756929338546554       0.50000000000000000       0.25000000000000000      -0.25000000000000000     
  0.45756927026352390       0.50000000000000000      -0.25000000000000000       0.25000000000000000     
  0.45756929811422387      -0.50000000000000000      -0.25000000000000000       0.25000000000000000     
  0.45756929456709738      -0.25000000000000000       0.25000000000000000       0.50000000000000000     
  0.45756924345582345      -0.25000000000000000       0.25000000000000000      -0.50000000000000000     
  0.45756926727428154      -0.25000000000000000       0.50000000000000000       0.25000000000000000     
  0.45756925268391319      -0.25000000000000000      -0.50000000000000000       0.25000000000000000     
  0.45756928023587307      -0.75000000000000000      -0.50000000000000000      -0.25000000000000000     
  0.45756925614001748       0.25000000000000000       0.50000000000000000       0.75000000000000000     
  0.45756928174533490      -0.75000000000000000      -0.25000000000000000      -0.50000000000000000     
  0.45756923218401363       0.25000000000000000       0.75000000000000000       0.50000000000000000     
  0.45756922972988889      -0.50000000000000000      -0.75000000000000000      -0.25000000000000000     
  0.45756925875810939       0.50000000000000000       0.25000000000000000       0.75000000000000000     
  0.45756925952116989      -0.50000000000000000      -0.25000000000000000      -0.75000000000000000     
  0.45756923371037311       0.50000000000000000       0.75000000000000000       0.25000000000000000     
  0.45756922588635723      -0.25000000000000000      -0.75000000000000000      -0.50000000000000000     
  0.45756928510870898       0.75000000000000000       0.25000000000000000       0.50000000000000000     
  0.45756925929320919      -0.25000000000000000      -0.50000000000000000      -0.75000000000000000     
  0.45756928306814587       0.75000000000000000       0.50000000000000000       0.25000000000000000     
  0.53009141696077000       0.25000000000000000      -0.50000000000000000       0.25000000000000000     
  0.53009150230661151      -0.50000000000000000       0.25000000000000000       0.25000000000000000     
  0.53009148820160068       0.50000000000000000      -0.25000000000000000      -0.25000000000000000     
  0.53009141631065970      -0.25000000000000000       0.50000000000000000      -0.25000000000000000     
  0.53009145870260921        0.0000000000000000       0.25000000000000000       0.75000000000000000     
  0.53009141385879288        0.0000000000000000      -0.75000000000000000      -0.25000000000000000     
  0.53009142373075635        0.0000000000000000       0.75000000000000000       0.25000000000000000     
  0.53009147209155427        0.0000000000000000      -0.25000000000000000      -0.75000000000000000     
  0.53009144535543173       0.25000000000000000        0.0000000000000000       0.75000000000000000     
  0.53009150114210446      -0.75000000000000000        0.0000000000000000      -0.25000000000000000     
  0.53009145861061635       0.25000000000000000       0.25000000000000000      -0.50000000000000000     
  0.53009143300588679      -0.75000000000000000      -0.75000000000000000      -0.50000000000000000     
  0.53009144428165522      -0.75000000000000000      -0.50000000000000000      -0.75000000000000000     
  0.53009141169646856       0.25000000000000000       0.75000000000000000        0.0000000000000000     
  0.53009150462641952      -0.75000000000000000      -0.25000000000000000        0.0000000000000000     
  0.53009142762023376      -0.50000000000000000      -0.75000000000000000      -0.75000000000000000     
  0.53009142147828991       0.50000000000000000       0.75000000000000000       0.75000000000000000     
  0.53009149306861103       0.75000000000000000        0.0000000000000000       0.25000000000000000     
  0.53009145048526451      -0.25000000000000000        0.0000000000000000      -0.75000000000000000     
  0.53009150207343281       0.75000000000000000       0.25000000000000000        0.0000000000000000     
  0.53009141087283729      -0.25000000000000000      -0.75000000000000000        0.0000000000000000     
  0.53009145020858717       0.75000000000000000       0.50000000000000000       0.75000000000000000     
  0.53009143417812332       0.75000000000000000       0.75000000000000000       0.50000000000000000     
  0.53009146644593641      -0.25000000000000000      -0.25000000000000000       0.50000000000000000     
  0.55098704454231484        0.0000000000000000      -0.75000000000000000      -0.50000000000000000     
  0.55098707261974178        0.0000000000000000      -0.50000000000000000      -0.75000000000000000     
  0.55098706617711257        0.0000000000000000       0.50000000000000000       0.75000000000000000     
  0.55098704861970094        0.0000000000000000       0.75000000000000000       0.50000000000000000     
  0.55098708485959302      -0.75000000000000000        0.0000000000000000      -0.50000000000000000     
  0.55098708039872057      -0.75000000000000000      -0.50000000000000000        0.0000000000000000     
  0.55098704990047731      -0.50000000000000000        0.0000000000000000      -0.75000000000000000     
  0.55098705783214097       0.50000000000000000        0.0000000000000000       0.75000000000000000     
  0.55098703801666749      -0.50000000000000000      -0.75000000000000000        0.0000000000000000     
  0.55098704167256629       0.50000000000000000       0.75000000000000000        0.0000000000000000     
  0.55098709003411062       0.75000000000000000        0.0000000000000000       0.50000000000000000     
  0.55098708611522684       0.75000000000000000       0.50000000000000000        0.0000000000000000     
  0.63340741895406272        0.0000000000000000        0.0000000000000000      -0.75000000000000000     
  0.63340741183436988        0.0000000000000000        0.0000000000000000       0.75000000000000000     
  0.63340735156067540        0.0000000000000000      -0.75000000000000000        0.0000000000000000     
  0.63340735761718270        0.0000000000000000       0.75000000000000000        0.0000000000000000     
  0.63340748205998876      -0.75000000000000000        0.0000000000000000        0.0000000000000000     
  0.63340738000797647      -0.75000000000000000      -0.75000000000000000      -0.75000000000000000     
  0.55098705014067695      -0.75000000000000000      -0.75000000000000000      -0.25000000000000000     
  0.55098708210713887       0.25000000000000000      -0.50000000000000000      -0.50000000000000000     
  0.55098706251692542      -0.75000000000000000      -0.25000000000000000      -0.75000000000000000     
  0.55098704222202843       0.25000000000000000       0.75000000000000000       0.75000000000000000     
  0.55098705012135163      -0.50000000000000000       0.25000000000000000      -0.50000000000000000     
  0.55098706986414991      -0.50000000000000000      -0.50000000000000000       0.25000000000000000     
  0.55098707812179804       0.50000000000000000       0.50000000000000000      -0.25000000000000000     
  0.55098705853104279       0.50000000000000000      -0.25000000000000000       0.50000000000000000     
  0.63340748002927660       0.75000000000000000        0.0000000000000000        0.0000000000000000     
  0.55098703834332752      -0.25000000000000000      -0.75000000000000000      -0.75000000000000000     
  0.55098707681262005       0.75000000000000000       0.25000000000000000       0.75000000000000000     
  0.55098708158311427      -0.25000000000000000       0.50000000000000000       0.50000000000000000     
  0.55098706835146682       0.75000000000000000       0.75000000000000000       0.25000000000000000     
  0.63340738919741868       0.75000000000000000       0.75000000000000000       0.75000000000000000     
  0.62381301706406656        0.0000000000000000       0.50000000000000000      -0.50000000000000000     
  0.62381301697252589        0.0000000000000000      -0.50000000000000000       0.50000000000000000     
  0.62381308116113732       0.50000000000000000        0.0000000000000000      -0.50000000000000000     
  0.62381308958741954      -0.50000000000000000        0.0000000000000000       0.50000000000000000     
  0.62381303436882685       0.50000000000000000      -0.50000000000000000        0.0000000000000000     
  0.62381305120663499      -0.50000000000000000       0.50000000000000000        0.0000000000000000     
  0.62381306146663373        1.0000000000000000       0.50000000000000000       0.50000000000000000     
  0.62381306304464434       -1.0000000000000000      -0.50000000000000000      -0.50000000000000000     
  0.62381298601220747      -0.50000000000000000       -1.0000000000000000      -0.50000000000000000     
  0.62381299363196840       0.50000000000000000        1.0000000000000000       0.50000000000000000     
  0.62381302937936756       0.50000000000000000       0.50000000000000000        1.0000000000000000     
  0.62381303158977786      -0.50000000000000000      -0.50000000000000000       -1.0000000000000000     
  0.63326027307949562       -1.0000000000000000      -0.75000000000000000      -0.50000000000000000     
  0.63326027423087572        1.0000000000000000       0.75000000000000000       0.50000000000000000     
  0.63326022992582509      -0.75000000000000000       -1.0000000000000000      -0.50000000000000000     
  0.63326024435485984      -0.75000000000000000      -0.50000000000000000       -1.0000000000000000     
  0.63326023738503179       0.25000000000000000      -0.50000000000000000       0.50000000000000000     
  0.63326025575234013      -0.50000000000000000      -0.75000000000000000       -1.0000000000000000     
  0.63326030789337262      -0.50000000000000000       0.25000000000000000       0.50000000000000000     
  0.63326029888484325      -0.50000000000000000       0.50000000000000000       0.25000000000000000     
  0.63326025280919640       0.50000000000000000      -0.50000000000000000       0.25000000000000000     
  0.63326029002954842       0.50000000000000000      -0.50000000000000000      -0.25000000000000000     
  0.63326025201114000      -0.50000000000000000       0.50000000000000000      -0.25000000000000000     
  0.63326024639244050       0.50000000000000000       0.75000000000000000        1.0000000000000000     
  0.63326031648604375       0.50000000000000000      -0.25000000000000000      -0.50000000000000000     
  0.63326022808678117       0.75000000000000000        1.0000000000000000       0.50000000000000000     
  0.63326025035436007       0.75000000000000000       0.50000000000000000        1.0000000000000000     
  0.63326022431984297      -0.25000000000000000       0.50000000000000000      -0.50000000000000000     
  0.63326031363442559        1.0000000000000000       0.25000000000000000       0.50000000000000000     
  0.63326029904943038        1.0000000000000000       0.50000000000000000       0.25000000000000000     
  0.63326026463615315       -1.0000000000000000      -0.50000000000000000      -0.75000000000000000     
  0.63326029511851278       -1.0000000000000000      -0.50000000000000000      -0.25000000000000000     
  0.63326027026970677        1.0000000000000000       0.50000000000000000       0.75000000000000000     
  0.63326031364044999       -1.0000000000000000      -0.25000000000000000      -0.50000000000000000     
  0.63326024130930503       0.25000000000000000        1.0000000000000000       0.50000000000000000     
  0.63326024440251594       0.25000000000000000      -0.75000000000000000      -0.25000000000000000     
  0.63326030551221024      -0.75000000000000000       0.25000000000000000      -0.25000000000000000     
  0.63326025136874131       0.25000000000000000       0.50000000000000000        1.0000000000000000     
  0.63326026097546362       0.25000000000000000       0.50000000000000000      -0.50000000000000000     
  0.63326031299531582      -0.75000000000000000      -0.25000000000000000       0.25000000000000000     
  0.63326029523527183       0.25000000000000000      -0.25000000000000000      -0.75000000000000000     
  0.63326022549577599       0.25000000000000000       0.75000000000000000      -0.25000000000000000     
  0.63326026279979597       0.25000000000000000      -0.25000000000000000       0.75000000000000000     
  0.63326022683550054       0.50000000000000000        1.0000000000000000       0.25000000000000000     
  0.63326023369225259      -0.50000000000000000       -1.0000000000000000      -0.75000000000000000     
  0.63326023779421559       0.50000000000000000        1.0000000000000000       0.75000000000000000     
  0.63326022226292034      -0.50000000000000000       -1.0000000000000000      -0.25000000000000000     
  0.63326026261670931       0.50000000000000000       0.25000000000000000        1.0000000000000000     
  0.63326028984695493       0.50000000000000000       0.25000000000000000      -0.50000000000000000     
  0.63326027045554467      -0.50000000000000000      -0.25000000000000000       -1.0000000000000000     
  0.63326030806676625      -0.50000000000000000      -0.25000000000000000       0.50000000000000000     
  0.63326022213918298      -0.25000000000000000       -1.0000000000000000      -0.50000000000000000     
  0.63326026097515375      -0.25000000000000000       0.25000000000000000      -0.75000000000000000     
  0.63326023482539151      -0.25000000000000000      -0.75000000000000000       0.25000000000000000     
  0.63326030785485021       0.75000000000000000       0.25000000000000000      -0.25000000000000000     
  0.63326029605898082      -0.25000000000000000       0.25000000000000000       0.75000000000000000     
  0.63326026782719447      -0.25000000000000000      -0.50000000000000000       -1.0000000000000000     
  0.63326026696168103      -0.25000000000000000      -0.50000000000000000       0.50000000000000000     
  0.63326029393593719       0.75000000000000000      -0.25000000000000000       0.25000000000000000     
  0.63326025899775096      -0.25000000000000000       0.75000000000000000       0.25000000000000000     
  0.65865774432732582        0.0000000000000000      -0.75000000000000000       0.25000000000000000     
  0.65865778596198310        0.0000000000000000       0.25000000000000000      -0.75000000000000000     
  0.65865772918281218        0.0000000000000000       0.75000000000000000      -0.25000000000000000     
  0.65865778594418234        0.0000000000000000      -0.25000000000000000       0.75000000000000000     
  0.65865784812833394      -0.75000000000000000        0.0000000000000000       0.25000000000000000     
  0.65865781584666849       0.25000000000000000        0.0000000000000000      -0.75000000000000000     
  0.65865784695099050      -0.75000000000000000       0.25000000000000000        0.0000000000000000     
  0.65865775099630453       0.25000000000000000      -0.75000000000000000        0.0000000000000000     
  0.65865786259276748       0.75000000000000000        0.0000000000000000      -0.25000000000000000     
  0.65865781923559252      -0.25000000000000000        0.0000000000000000       0.75000000000000000     
  0.65865784265423177       0.75000000000000000      -0.25000000000000000        0.0000000000000000     
  0.65865775408711413      -0.25000000000000000       0.75000000000000000        0.0000000000000000     
  0.64475394237940509        0.0000000000000000      -0.75000000000000000      -0.75000000000000000     
  0.64475393262879177        0.0000000000000000       0.75000000000000000       0.75000000000000000     
  0.64475393619098176      -0.75000000000000000        0.0000000000000000      -0.75000000000000000     
  0.64475392688795041      -0.75000000000000000      -0.75000000000000000        0.0000000000000000     
  0.64475394473204839       0.75000000000000000        0.0000000000000000       0.75000000000000000     
  0.64475394391737817       0.75000000000000000       0.75000000000000000        0.0000000000000000     
  0.65865777684299986       -1.0000000000000000      -0.75000000000000000      -0.75000000000000000     
  0.65865785536846000        1.0000000000000000       0.25000000000000000       0.25000000000000000     
  0.65865784371247471       -1.0000000000000000      -0.25000000000000000      -0.25000000000000000     
  0.65865779017996784        1.0000000000000000       0.75000000000000000       0.75000000000000000     
  0.65865774831609214      -0.75000000000000000       -1.0000000000000000      -0.75000000000000000     
  0.65865774208938410       0.25000000000000000        1.0000000000000000       0.25000000000000000     
  0.65865776855131686      -0.75000000000000000      -0.75000000000000000       -1.0000000000000000     
  0.65865779193615626       0.25000000000000000       0.25000000000000000        1.0000000000000000     
  0.65865773091366042      -0.25000000000000000       -1.0000000000000000      -0.25000000000000000     
  0.65865774715276926       0.75000000000000000        1.0000000000000000       0.75000000000000000     
  0.65865779258830381      -0.25000000000000000      -0.25000000000000000       -1.0000000000000000     
  0.65865777131669623       0.75000000000000000       0.75000000000000000        1.0000000000000000     
  0.66700797176781457       0.25000000000000000      -0.75000000000000000      -0.50000000000000000     
  0.66700797408408474      -0.75000000000000000       0.25000000000000000      -0.50000000000000000     
  0.66700798020720575      -0.75000000000000000      -0.50000000000000000       0.25000000000000000     
  0.66700794700009469      -0.50000000000000000      -0.75000000000000000       0.25000000000000000     
  0.66700795522150091       0.50000000000000000       0.75000000000000000      -0.25000000000000000     
  0.66700797622425934       0.75000000000000000       0.50000000000000000      -0.25000000000000000     
  0.66700797898241904       0.75000000000000000      -0.25000000000000000       0.50000000000000000     
  0.66700797256228683      -0.25000000000000000       0.75000000000000000       0.50000000000000000     
  0.66700799235754726       0.25000000000000000      -0.50000000000000000      -0.75000000000000000     
  0.66700793997239460      -0.50000000000000000       0.25000000000000000      -0.75000000000000000     
  0.66700796528372774       0.50000000000000000      -0.25000000000000000       0.75000000000000000     
  0.66700798524320970      -0.25000000000000000       0.50000000000000000       0.75000000000000000     
  0.66700799491454577        1.0000000000000000       0.25000000000000000       0.75000000000000000     
  0.66700796802834128       -1.0000000000000000      -0.75000000000000000      -0.25000000000000000     
  0.66700798551180895       -1.0000000000000000      -0.25000000000000000      -0.75000000000000000     
  0.66700798494802060        1.0000000000000000       0.75000000000000000       0.25000000000000000     
  0.66700793558964022       0.25000000000000000        1.0000000000000000       0.75000000000000000     
  0.66700793145674941      -0.75000000000000000       -1.0000000000000000      -0.25000000000000000     
  0.66700793832732752       0.25000000000000000       0.75000000000000000        1.0000000000000000     
  0.66700794797995366      -0.75000000000000000      -0.25000000000000000       -1.0000000000000000     
  0.66700793596407382       0.75000000000000000        1.0000000000000000       0.25000000000000000     
  0.66700793404787018      -0.25000000000000000       -1.0000000000000000      -0.75000000000000000     
  0.66700796036630960       0.75000000000000000       0.25000000000000000        1.0000000000000000     
  0.66700795055836615      -0.25000000000000000      -0.75000000000000000       -1.0000000000000000     
  0.70501965457537230        1.0000000000000000        0.0000000000000000       0.25000000000000000     
  0.70501956212676442        0.0000000000000000        1.0000000000000000       0.25000000000000000     
  0.70501957699144668        0.0000000000000000       -1.0000000000000000      -0.25000000000000000     
  0.70501966468033073       -1.0000000000000000        0.0000000000000000      -0.25000000000000000     
  0.70501958094054706       -1.0000000000000000      -0.75000000000000000       -1.0000000000000000     
  0.70501967031621382        1.0000000000000000       0.25000000000000000        0.0000000000000000     
  0.70501961215359432        0.0000000000000000       0.25000000000000000        1.0000000000000000     
  0.70501965509019726       -1.0000000000000000      -0.25000000000000000        0.0000000000000000     
  0.70501959448567386        1.0000000000000000       0.75000000000000000        1.0000000000000000     
  0.70501962090040227        0.0000000000000000      -0.25000000000000000       -1.0000000000000000     
  0.70501959435699957      -0.75000000000000000       -1.0000000000000000       -1.0000000000000000     
  0.70501955914409753       0.25000000000000000        1.0000000000000000        0.0000000000000000     
  0.70501961802388724       0.25000000000000000        0.0000000000000000        1.0000000000000000     
  0.70501959967793748       0.25000000000000000       0.25000000000000000      -0.75000000000000000     
  0.70501957111305358       0.25000000000000000      -0.75000000000000000       0.25000000000000000     
  0.70501965627014718      -0.75000000000000000       0.25000000000000000       0.25000000000000000     
  0.70501957902702450       0.75000000000000000        1.0000000000000000        1.0000000000000000     
  0.70501961333727325      -0.25000000000000000        0.0000000000000000       -1.0000000000000000     
  0.70501956897186180      -0.25000000000000000       -1.0000000000000000        0.0000000000000000     
  0.70501955413138218      -0.25000000000000000       0.75000000000000000      -0.25000000000000000     
  0.70501961621730869      -0.25000000000000000      -0.25000000000000000       0.75000000000000000     
  0.70501966319139653       0.75000000000000000      -0.25000000000000000      -0.25000000000000000     
  0.70501958815095123       -1.0000000000000000       -1.0000000000000000      -0.75000000000000000     
  0.70501957135575533        1.0000000000000000        1.0000000000000000       0.75000000000000000     
  0.70116419732802027       0.50000000000000000      -0.50000000000000000       0.50000000000000000     
  0.70116423152723750       0.50000000000000000      -0.50000000000000000      -0.50000000000000000     
  0.70116423966847596      -0.50000000000000000       0.50000000000000000       0.50000000000000000     
  0.70116417563825029      -0.50000000000000000       0.50000000000000000      -0.50000000000000000     
  0.70116419137193309        0.0000000000000000        1.0000000000000000       0.50000000000000000     
  0.70116419802405272        0.0000000000000000       -1.0000000000000000      -0.50000000000000000     
  0.70116423967671626       -1.0000000000000000        0.0000000000000000      -0.50000000000000000     
  0.70116419278435538       -1.0000000000000000       -1.0000000000000000      -0.50000000000000000     
  0.70116419650491824        1.0000000000000000        1.0000000000000000       0.50000000000000000     
  0.70116423255142724        1.0000000000000000        0.0000000000000000       0.50000000000000000     
  0.70116422943771495        1.0000000000000000       0.50000000000000000        0.0000000000000000     
  0.70116420182552430        0.0000000000000000       0.50000000000000000        1.0000000000000000     
  0.70116422035908854        0.0000000000000000      -0.50000000000000000       -1.0000000000000000     
  0.70116421991743105       -1.0000000000000000      -0.50000000000000000        0.0000000000000000     
  0.70116421265082207       0.50000000000000000        0.0000000000000000        1.0000000000000000     
  0.70116420263707779      -0.50000000000000000        0.0000000000000000       -1.0000000000000000     
  0.70116417592610691      -0.50000000000000000       -1.0000000000000000        0.0000000000000000     
  0.70116418009743497       0.50000000000000000        1.0000000000000000        0.0000000000000000     
  0.70116421639031079      -0.50000000000000000      -0.50000000000000000       0.50000000000000000     
  0.70116420934548318       0.50000000000000000       0.50000000000000000      -0.50000000000000000     
  0.70116417745146342       -1.0000000000000000      -0.50000000000000000       -1.0000000000000000     
  0.70116419272527086        1.0000000000000000       0.50000000000000000        1.0000000000000000     
  0.70116418895347499      -0.50000000000000000       -1.0000000000000000       -1.0000000000000000     
  0.70116418321800567       0.50000000000000000        1.0000000000000000        1.0000000000000000     
  0.75657404736424050        0.0000000000000000       -1.0000000000000000        0.0000000000000000     
  0.75657440970680478       -1.0000000000000000        0.0000000000000000        0.0000000000000000     
  0.75707463867256974        1.0000000000000000        0.0000000000000000        0.0000000000000000     
  0.75707484894577626        0.0000000000000000        1.0000000000000000        0.0000000000000000     
  0.75707460346159994        0.0000000000000000        0.0000000000000000        1.0000000000000000     
  0.75657435990023936        0.0000000000000000        0.0000000000000000       -1.0000000000000000     
  0.76614059484133479       -1.0000000000000000       -1.0000000000000000       -1.0000000000000000     
  0.76710509645813074        1.0000000000000000        1.0000000000000000        1.0000000000000000     
  0.73892074913438965        0.0000000000000000       -1.0000000000000000      -0.75000000000000000     
  0.73892076432494547       -1.0000000000000000        0.0000000000000000      -0.75000000000000000     
  0.73892076300005571        1.0000000000000000        0.0000000000000000       0.75000000000000000     
  0.73892074156170362        0.0000000000000000        1.0000000000000000       0.75000000000000000     
  0.73892076489877090        0.0000000000000000      -0.75000000000000000       -1.0000000000000000     
  0.73892075719589734       -1.0000000000000000      -0.75000000000000000        0.0000000000000000     
  0.76518961044642642        0.0000000000000000      -0.75000000000000000       0.50000000000000000     
  0.76518961587445400        0.0000000000000000       0.50000000000000000      -0.75000000000000000     
  0.76518961351276926        0.0000000000000000      -0.50000000000000000       0.75000000000000000     
  0.73892074683740283        0.0000000000000000       0.75000000000000000        1.0000000000000000     
  0.73892075093526099        1.0000000000000000       0.75000000000000000        0.0000000000000000     
  0.76518959301635270        0.0000000000000000       0.75000000000000000      -0.50000000000000000     
  0.73892073963673954      -0.75000000000000000        0.0000000000000000       -1.0000000000000000     
  0.73892073341502651      -0.75000000000000000       -1.0000000000000000        0.0000000000000000     
  0.76518966840838654      -0.75000000000000000        0.0000000000000000       0.50000000000000000     
  0.73892075225893017      -0.75000000000000000      -0.75000000000000000       0.25000000000000000     
  0.73892076264030337       0.25000000000000000      -0.75000000000000000      -0.75000000000000000     
  0.73892074452258916      -0.75000000000000000       0.25000000000000000      -0.75000000000000000     
  0.76518965302991182      -0.75000000000000000       0.50000000000000000        0.0000000000000000     
  0.76518965070903266       0.50000000000000000        0.0000000000000000      -0.75000000000000000     
  0.76518966096493435      -0.50000000000000000        0.0000000000000000       0.75000000000000000     
  0.76518960883254561       0.50000000000000000      -0.75000000000000000        0.0000000000000000     
  0.76518961637997174      -0.50000000000000000       0.75000000000000000        0.0000000000000000     
  0.73892073871972519       0.75000000000000000        1.0000000000000000        0.0000000000000000     
  0.73892076462935397       0.75000000000000000        0.0000000000000000        1.0000000000000000     
  0.76518967645909697       0.75000000000000000        0.0000000000000000      -0.50000000000000000     
  0.76518964934113909       0.75000000000000000      -0.50000000000000000        0.0000000000000000     
  0.73892075177239258       0.75000000000000000       0.75000000000000000      -0.25000000000000000     
  0.73892075696966830       0.75000000000000000      -0.25000000000000000       0.75000000000000000     
  0.73892077108858378      -0.25000000000000000       0.75000000000000000       0.75000000000000000     
  0.73892075894754972        1.0000000000000000        1.0000000000000000       0.25000000000000000     
  0.73892073890123067       -1.0000000000000000       -1.0000000000000000      -0.25000000000000000     
  0.73892076382635152        1.0000000000000000       0.25000000000000000        1.0000000000000000     
  0.73892074579080680       -1.0000000000000000      -0.25000000000000000       -1.0000000000000000     
  0.73892072462709713       0.25000000000000000        1.0000000000000000        1.0000000000000000     
  0.76518961212470848      -0.75000000000000000      -0.75000000000000000       -1.2500000000000000     
  0.73892074555163567      -0.25000000000000000       -1.0000000000000000       -1.0000000000000000     
  0.76518961928720175       0.75000000000000000       0.75000000000000000        1.2500000000000000     
  0.76518966952516132        1.2500000000000000       0.50000000000000000       0.50000000000000000     
  0.76518958698538486      -0.75000000000000000       -1.2500000000000000      -0.75000000000000000     
  0.76518963825706532        1.2500000000000000       0.75000000000000000       0.75000000000000000     
  0.76518959758220795       0.50000000000000000        1.2500000000000000       0.50000000000000000     
  0.76518961904022376       0.50000000000000000       0.50000000000000000        1.2500000000000000     
  0.76518961868884383      -0.50000000000000000      -0.50000000000000000       -1.2500000000000000     
  0.76518958865287845      -0.50000000000000000       -1.2500000000000000      -0.50000000000000000     
  0.76518962310740413       -1.2500000000000000      -0.75000000000000000      -0.75000000000000000     
  0.76518959279799836       0.75000000000000000        1.2500000000000000       0.75000000000000000     
  0.76518966946542089       -1.2500000000000000      -0.50000000000000000      -0.50000000000000000     
  0.75663661083126599       0.25000000000000000      -0.50000000000000000       0.75000000000000000     
  0.75663660233696661       0.25000000000000000       0.75000000000000000      -0.50000000000000000     
  0.75663665214901921      -0.75000000000000000      -0.25000000000000000       0.50000000000000000     
  0.75663664691600674      -0.50000000000000000       0.25000000000000000       0.75000000000000000     
  0.75663665841186023       0.50000000000000000      -0.25000000000000000      -0.75000000000000000     
  0.75663663987214758       0.75000000000000000       0.25000000000000000      -0.50000000000000000     
  0.75663660303537938      -0.25000000000000000      -0.75000000000000000       0.50000000000000000     
  0.75663660417329470      -0.25000000000000000       0.50000000000000000      -0.75000000000000000     
  0.75663660933360777      -0.75000000000000000      -0.50000000000000000       -1.2500000000000000     
  0.75663663563144568      -0.75000000000000000       0.50000000000000000      -0.25000000000000000     
  0.75663658267810674      -0.75000000000000000       -1.2500000000000000      -0.50000000000000000     
  0.75663664196888092        1.2500000000000000       0.75000000000000000       0.50000000000000000     
  0.75663661536702065      -0.50000000000000000      -0.75000000000000000       -1.2500000000000000     
  0.75663661731196752       0.50000000000000000      -0.75000000000000000      -0.25000000000000000     
  0.75663660735667393       0.50000000000000000       0.75000000000000000        1.2500000000000000     
  0.75663662641036245      -0.50000000000000000       0.75000000000000000       0.25000000000000000     
  0.75663663666998349       -1.2500000000000000      -0.75000000000000000      -0.50000000000000000     
  0.75663658154647362       0.75000000000000000        1.2500000000000000       0.50000000000000000     
  0.75663662188075631       0.75000000000000000      -0.50000000000000000       0.25000000000000000     
  0.75663660989915404       0.75000000000000000       0.50000000000000000        1.2500000000000000     
  0.75663664012835607        1.2500000000000000       0.50000000000000000       0.75000000000000000     
  0.75663661100771895       0.50000000000000000        1.2500000000000000       0.75000000000000000     
  0.75663659564262853      -0.50000000000000000       -1.2500000000000000      -0.75000000000000000     
  0.75663665335258690       -1.2500000000000000      -0.50000000000000000      -0.75000000000000000     
  0.77741308275191479        1.0000000000000000       0.25000000000000000      -0.25000000000000000     
  0.77741309280555992       -1.0000000000000000       0.25000000000000000      -0.25000000000000000     
  0.77741307886287470        1.0000000000000000      -0.25000000000000000       0.25000000000000000     
  0.77741308435349787       -1.0000000000000000      -0.25000000000000000       0.25000000000000000     
  0.77741301443138922       0.25000000000000000        1.0000000000000000      -0.25000000000000000     
  0.77741304047883930       0.25000000000000000       -1.0000000000000000      -0.25000000000000000     
  0.77741303980895937       0.25000000000000000      -0.75000000000000000       0.50000000000000000     
  0.77741308842231638      -0.75000000000000000       0.25000000000000000       0.50000000000000000     
  0.77741304399642486       0.25000000000000000       0.50000000000000000      -0.75000000000000000     
  0.77741308645218321      -0.75000000000000000       0.50000000000000000       0.25000000000000000     
  0.77741305940213301       0.25000000000000000      -0.25000000000000000        1.0000000000000000     
  0.77741306594200166       0.25000000000000000      -0.25000000000000000       -1.0000000000000000     
  0.77741306793886644       0.50000000000000000       0.25000000000000000      -0.75000000000000000     
  0.77741303981047327       0.50000000000000000      -0.75000000000000000       0.25000000000000000     
  0.77741307136462512      -0.50000000000000000      -0.25000000000000000       0.75000000000000000     
  0.77741302078079455      -0.50000000000000000       0.75000000000000000      -0.25000000000000000     
  0.77741302510745058      -0.25000000000000000       -1.0000000000000000       0.25000000000000000     
  0.77741302874759333      -0.25000000000000000        1.0000000000000000       0.25000000000000000     
  0.77741305442628406      -0.25000000000000000       0.25000000000000000       -1.0000000000000000     
  0.77741307075200905      -0.25000000000000000       0.25000000000000000        1.0000000000000000     
  0.77741309091265176       0.75000000000000000      -0.50000000000000000      -0.25000000000000000     
  0.77741304567552705      -0.25000000000000000      -0.50000000000000000       0.75000000000000000     
  0.77741309619489052       0.75000000000000000      -0.25000000000000000      -0.50000000000000000     
  0.77741301936502527      -0.25000000000000000       0.75000000000000000      -0.50000000000000000     
  0.77741305079914236       0.25000000000000000       0.50000000000000000        1.2500000000000000     
  0.77741305908419811       0.50000000000000000       0.25000000000000000        1.2500000000000000     
  0.77741305514308601      -0.50000000000000000      -0.25000000000000000       -1.2500000000000000     
  0.77741304778481135      -0.25000000000000000      -0.50000000000000000       -1.2500000000000000     
  0.77741301964837095        1.0000000000000000        1.2500000000000000       0.75000000000000000     
  0.77741302666533896       -1.0000000000000000      -0.75000000000000000       -1.2500000000000000     
  0.77741301922088857       -1.0000000000000000       -1.2500000000000000      -0.75000000000000000     
  0.77741303170460307        1.0000000000000000       0.75000000000000000        1.2500000000000000     
  0.77741304819091350        1.2500000000000000        1.0000000000000000       0.75000000000000000     
  0.77741304106555464      -0.75000000000000000       -1.0000000000000000       -1.2500000000000000     
  0.77741309735393460        1.2500000000000000       0.25000000000000000       0.50000000000000000     
  0.77741303634104630       0.25000000000000000        1.2500000000000000       0.50000000000000000     
  0.77741309905576883        1.2500000000000000       0.50000000000000000       0.25000000000000000     
  0.77741304904721231        1.2500000000000000       0.75000000000000000        1.0000000000000000     
  0.77741304260115196      -0.75000000000000000       -1.2500000000000000       -1.0000000000000000     
  0.77741301542461050       0.50000000000000000        1.2500000000000000       0.25000000000000000     
  0.77741302512067501      -0.50000000000000000       -1.2500000000000000      -0.25000000000000000     
  0.77741304980936443       -1.2500000000000000       -1.0000000000000000      -0.75000000000000000     
  0.77741304529437816       0.75000000000000000        1.0000000000000000        1.2500000000000000     
  0.77741303262813810       -1.2500000000000000      -0.75000000000000000       -1.0000000000000000     
  0.77741302903971998       0.75000000000000000        1.2500000000000000        1.0000000000000000     
  0.77741307718783459       -1.2500000000000000      -0.50000000000000000      -0.25000000000000000     
  0.77741303601034661      -0.25000000000000000       -1.2500000000000000      -0.50000000000000000     
  0.77741309726433772       -1.2500000000000000      -0.25000000000000000      -0.50000000000000000     
  0.80326905585276231       -1.0000000000000000        0.0000000000000000       0.25000000000000000     
  0.80326899104440308        0.0000000000000000       -1.0000000000000000       0.25000000000000000     
  0.80326896963606276        0.0000000000000000        1.0000000000000000      -0.25000000000000000     
  0.80326905112972846        1.0000000000000000        0.0000000000000000      -0.25000000000000000     
  0.80326901854464605        0.0000000000000000       0.25000000000000000       -1.0000000000000000     
  0.80326907005005621       -1.0000000000000000       0.25000000000000000        0.0000000000000000     
  0.80326905857085273        1.0000000000000000      -0.25000000000000000        0.0000000000000000     
  0.80326901872994183        0.0000000000000000      -0.25000000000000000        1.0000000000000000     
  0.80326904375284258       0.25000000000000000        0.0000000000000000       -1.0000000000000000     
  0.80326901194462808       0.25000000000000000       -1.0000000000000000        0.0000000000000000     
  0.77987758529740903      -0.75000000000000000      -0.50000000000000000       0.50000000000000000     
  0.77987757211010011      -0.50000000000000000      -0.75000000000000000       0.50000000000000000     
  0.77987760490899583       0.50000000000000000      -0.50000000000000000      -0.75000000000000000     
  0.77987756282996512      -0.50000000000000000       0.50000000000000000      -0.75000000000000000     
  0.77987760275383178      -0.50000000000000000       0.50000000000000000       0.75000000000000000     
  0.77987756964797528       0.50000000000000000      -0.50000000000000000       0.75000000000000000     
  0.77987756562440180       0.50000000000000000       0.75000000000000000      -0.50000000000000000     
  0.80326903767063451      -0.25000000000000000        0.0000000000000000        1.0000000000000000     
  0.80326898401726154      -0.25000000000000000        1.0000000000000000        0.0000000000000000     
  0.77987757900863330       0.75000000000000000       0.50000000000000000      -0.50000000000000000     
  0.77987759952399782       -1.0000000000000000       0.25000000000000000      -0.50000000000000000     
  0.77987757573787819       -1.0000000000000000      -0.50000000000000000       0.25000000000000000     
  0.77987758111258665        1.0000000000000000       0.50000000000000000      -0.25000000000000000     
  0.77987758810530883        1.0000000000000000      -0.25000000000000000       0.50000000000000000     
  0.77987758034011501       0.25000000000000000       -1.0000000000000000      -0.50000000000000000     
  0.77987760125890260       0.25000000000000000      -0.50000000000000000       -1.0000000000000000     
  0.77987754687056188      -0.50000000000000000       -1.0000000000000000       0.25000000000000000     
  0.77987756212292869       0.50000000000000000        1.0000000000000000      -0.25000000000000000     
  0.77987757061286644      -0.50000000000000000       0.25000000000000000       -1.0000000000000000     
  0.77987759140716806       0.50000000000000000      -0.25000000000000000        1.0000000000000000     
  0.77987757184625961      -0.25000000000000000        1.0000000000000000       0.50000000000000000     
  0.77987758607690594      -0.25000000000000000       0.50000000000000000        1.0000000000000000     
  0.77987755480037335        1.0000000000000000       0.50000000000000000        1.2500000000000000     
  0.77987755483578547       -1.0000000000000000      -0.50000000000000000       -1.2500000000000000     
  0.80326898801219937       0.25000000000000000        1.2500000000000000       0.25000000000000000     
  0.80326902830469560       0.25000000000000000       0.25000000000000000        1.2500000000000000     
  0.80326906642594875        1.2500000000000000       0.25000000000000000       0.25000000000000000     
  0.77987760061963929        1.2500000000000000       0.25000000000000000       0.75000000000000000     
  0.77987757164554883       0.25000000000000000        1.2500000000000000       0.75000000000000000     
  0.77987758658364614        1.2500000000000000       0.50000000000000000        1.0000000000000000     
  0.77987756645758699      -0.75000000000000000       0.50000000000000000      -0.50000000000000000     
  0.77987758995353729        1.2500000000000000       0.75000000000000000       0.25000000000000000     
  0.77987755207892862      -0.75000000000000000       -1.2500000000000000      -0.25000000000000000     
  0.77987756101189876       0.50000000000000000        1.0000000000000000        1.2500000000000000     
  0.77987756781351925      -0.50000000000000000       -1.0000000000000000       -1.2500000000000000     
  0.77987756500198568       0.50000000000000000        1.2500000000000000        1.0000000000000000     
  0.77987758745555513       0.50000000000000000      -0.75000000000000000      -0.50000000000000000     
  0.77987756556472887      -0.50000000000000000       -1.2500000000000000       -1.0000000000000000     
  0.77987759449372274      -0.50000000000000000       0.75000000000000000       0.50000000000000000     
  0.77987754363494100       0.75000000000000000        1.2500000000000000       0.25000000000000000     
  0.77987757975533034       -1.2500000000000000      -0.75000000000000000      -0.25000000000000000     
  0.77987758521747808       -1.2500000000000000      -0.50000000000000000       -1.0000000000000000     
  0.77987758213639125       0.75000000000000000      -0.50000000000000000       0.50000000000000000     
  0.77987756997254865      -0.25000000000000000       -1.2500000000000000      -0.75000000000000000     
  0.77987761411490775       -1.2500000000000000      -0.25000000000000000      -0.75000000000000000     
  0.80326901544489437      -0.25000000000000000      -0.25000000000000000       -1.2500000000000000     
  0.80326899918986294      -0.25000000000000000       -1.2500000000000000      -0.25000000000000000     
  0.80326905542878846       -1.2500000000000000      -0.25000000000000000      -0.25000000000000000     
  0.80326899820557096        1.0000000000000000        1.0000000000000000        1.2500000000000000     
  0.80326900440235416       -1.0000000000000000       -1.0000000000000000       -1.2500000000000000     
  0.77987756261257168       0.25000000000000000       0.75000000000000000        1.2500000000000000     
  0.77987757292543580      -0.75000000000000000      -0.25000000000000000       -1.2500000000000000     
  0.77987758195992218       0.75000000000000000       0.25000000000000000        1.2500000000000000     
  0.77987756961799892      -0.25000000000000000      -0.75000000000000000       -1.2500000000000000     
  0.80326898357775411        1.0000000000000000        1.2500000000000000        1.0000000000000000     
  0.77987754639393370        1.0000000000000000        1.2500000000000000       0.50000000000000000     
  0.80326899750846303       -1.0000000000000000       -1.2500000000000000       -1.0000000000000000     
  0.77987754764233208       -1.0000000000000000       -1.2500000000000000      -0.50000000000000000     
  0.80326901142203277        1.2500000000000000        1.0000000000000000        1.0000000000000000     
  0.77987758131573137        1.2500000000000000        1.0000000000000000       0.50000000000000000     
  0.80326900954506641       -1.2500000000000000       -1.0000000000000000       -1.0000000000000000     
  0.77987758324174583       -1.2500000000000000       -1.0000000000000000      -0.50000000000000000     
  0.79693662375764285        0.0000000000000000       -1.0000000000000000       -1.0000000000000000     
  0.79693661305511598       -1.0000000000000000        0.0000000000000000       -1.0000000000000000     
  0.79693662740256643       -1.0000000000000000       -1.0000000000000000        0.0000000000000000     
  0.79759699620969271        1.0000000000000000        1.0000000000000000        0.0000000000000000     
  0.79759700562394131        1.0000000000000000        0.0000000000000000        1.0000000000000000     
  0.79759700305713865        0.0000000000000000        1.0000000000000000        1.0000000000000000     
  0.82070474552328510      -0.75000000000000000       0.50000000000000000       0.50000000000000000     
  0.82070470414873165       0.50000000000000000      -0.75000000000000000       0.50000000000000000     
  0.82070472152668894       0.50000000000000000       0.50000000000000000      -0.75000000000000000     
  0.82070471381333876      -0.50000000000000000      -0.50000000000000000       0.75000000000000000     
  0.82070469536457624      -0.50000000000000000       0.75000000000000000      -0.50000000000000000     
  0.82070473098986174       0.75000000000000000      -0.50000000000000000      -0.50000000000000000     
  0.82070470894708780        0.0000000000000000        1.2500000000000000       0.50000000000000000     
  0.82070471838351455        0.0000000000000000       0.50000000000000000        1.2500000000000000     
  0.82070471771762854        0.0000000000000000      -0.50000000000000000       -1.2500000000000000     
  0.82070471602419726        0.0000000000000000       -1.2500000000000000      -0.50000000000000000     
  0.82070472292885110        1.2500000000000000        0.0000000000000000       0.50000000000000000     
  0.82070472808571859        1.2500000000000000       0.50000000000000000        0.0000000000000000     
  0.82070471672480416       0.50000000000000000        0.0000000000000000        1.2500000000000000     
  0.82070471089079455      -0.50000000000000000        0.0000000000000000       -1.2500000000000000     
  0.82070467493116073       0.50000000000000000        1.2500000000000000        0.0000000000000000     
  0.82070468608873559      -0.50000000000000000       -1.2500000000000000        0.0000000000000000     
  0.82070473996484572       -1.2500000000000000        0.0000000000000000      -0.50000000000000000     
  0.82070472384674187       -1.2500000000000000      -0.50000000000000000        0.0000000000000000     
  0.82070471762613795        1.2500000000000000       0.75000000000000000        1.2500000000000000     
  0.82070470082574776      -0.75000000000000000       -1.2500000000000000       -1.2500000000000000     
  0.82070469857736494       0.75000000000000000        1.2500000000000000        1.2500000000000000     
  0.82070470010985164       -1.2500000000000000      -0.75000000000000000       -1.2500000000000000     
  0.82070469823378056        1.2500000000000000        1.2500000000000000       0.75000000000000000     
  0.82070469336231167       -1.2500000000000000       -1.2500000000000000      -0.75000000000000000     
  0.80984240810803232       -1.0000000000000000       0.25000000000000000      -0.75000000000000000     
  0.80984241262496226        1.0000000000000000      -0.25000000000000000       0.75000000000000000     
  0.80984240780871941       0.25000000000000000       -1.0000000000000000      -0.75000000000000000     
  0.80984239965309812      -0.25000000000000000        1.0000000000000000       0.75000000000000000     
  0.80984241463171003       -1.0000000000000000      -0.75000000000000000       0.25000000000000000     
  0.83415316516843063        0.0000000000000000        1.2500000000000000       0.25000000000000000     
  0.83415319756752626        0.0000000000000000       0.25000000000000000        1.2500000000000000     
  0.83415322784396384       -1.0000000000000000       0.25000000000000000       0.25000000000000000     
  0.83415319405689592        1.0000000000000000      -0.25000000000000000      -0.25000000000000000     
  0.83415319999341564        0.0000000000000000      -0.25000000000000000       -1.2500000000000000     
  0.83415318741336886        0.0000000000000000       -1.2500000000000000      -0.25000000000000000     
  0.80984240421206888        1.0000000000000000       0.75000000000000000      -0.25000000000000000     
  0.80984240099101756      -0.75000000000000000       -1.0000000000000000       0.25000000000000000     
  0.83415319940132338        1.2500000000000000        0.0000000000000000       0.25000000000000000     
  0.83415318629176249       0.25000000000000000        0.0000000000000000        1.2500000000000000     
  0.83415316355922497       0.25000000000000000       -1.0000000000000000       0.25000000000000000     
  0.80984241978217963       0.25000000000000000      -0.75000000000000000       -1.0000000000000000     
  0.80984241632909870      -0.75000000000000000       0.25000000000000000       -1.0000000000000000     
  0.83415320477640487        1.2500000000000000       0.25000000000000000        0.0000000000000000     
  0.83415314176742450       0.25000000000000000        1.2500000000000000        0.0000000000000000     
  0.83415319330863580       0.25000000000000000       0.25000000000000000       -1.0000000000000000     
  0.83415321295992306       -1.2500000000000000        0.0000000000000000      -0.25000000000000000     
  0.83415315562671022      -0.25000000000000000        1.0000000000000000      -0.25000000000000000     
  0.83415317323701321      -0.25000000000000000        0.0000000000000000       -1.2500000000000000     
  0.80984239861521856       0.75000000000000000        1.0000000000000000      -0.25000000000000000     
  0.83415318334450750      -0.25000000000000000      -0.25000000000000000        1.0000000000000000     
  0.83415315325068817      -0.25000000000000000       -1.2500000000000000        0.0000000000000000     
  0.83415320086956757       -1.2500000000000000      -0.25000000000000000        0.0000000000000000     
  0.80984242820604546       0.75000000000000000      -0.25000000000000000        1.0000000000000000     
  0.80984243269414813      -0.25000000000000000       0.75000000000000000        1.0000000000000000     
  0.80984239770163302        1.0000000000000000        1.2500000000000000       0.25000000000000000     
  0.80984240123804252       -1.0000000000000000       -1.2500000000000000      -0.25000000000000000     
  0.80984241111492461        1.2500000000000000        1.0000000000000000       0.25000000000000000     
  0.80984240866745794       -1.2500000000000000       -1.0000000000000000      -0.25000000000000000     
  0.80984242315840493        1.0000000000000000       0.25000000000000000        1.2500000000000000     
  0.80984239692091731       -1.0000000000000000      -0.25000000000000000       -1.2500000000000000     
  0.80984239260432789       0.25000000000000000        1.0000000000000000        1.2500000000000000     
  0.80984240949139230       0.25000000000000000        1.2500000000000000        1.0000000000000000     
  0.80984242712951016        1.2500000000000000       0.25000000000000000        1.0000000000000000     
  0.80984240720498990      -0.25000000000000000       -1.0000000000000000       -1.2500000000000000     
  0.80984243177880899       -1.2500000000000000      -0.25000000000000000       -1.0000000000000000     
  0.80984241917601496      -0.25000000000000000       -1.2500000000000000       -1.0000000000000000     
  0.83415316378177518        1.2500000000000000        1.2500000000000000        1.0000000000000000     
  0.83415316536446837       -1.2500000000000000       -1.2500000000000000       -1.0000000000000000     
  0.83415315877704443        1.0000000000000000        1.2500000000000000        1.2500000000000000     
  0.83415316986777566       -1.0000000000000000       -1.2500000000000000       -1.2500000000000000     
  0.83415318937419891        1.2500000000000000        1.0000000000000000        1.2500000000000000     
  0.83415317211593065       -1.2500000000000000       -1.0000000000000000       -1.2500000000000000     
  0.82937790582636362      -0.75000000000000000       0.50000000000000000      -0.75000000000000000     
  0.82937792874633975       0.50000000000000000      -0.75000000000000000      -0.75000000000000000     
  0.82937794155670375      -0.50000000000000000       0.75000000000000000       0.75000000000000000     
  0.82937790407492151       0.75000000000000000      -0.50000000000000000       0.75000000000000000     
  0.82937791046106979        0.0000000000000000        1.2500000000000000       0.75000000000000000     
  0.82937791743518419        0.0000000000000000       -1.2500000000000000      -0.75000000000000000     
