#Sorted eigenvalues (no e-h interaction) (in eV)
3.753836600000000079e+00
3.754393900000000173e+00
3.754543200000000081e+00
3.757253599999999860e+00
3.757304200000000094e+00
3.757810899999999954e+00
3.757861399999999907e+00
3.757960199999999862e+00
3.758010699999999815e+00
3.914724200000000209e+00
3.914800599999999964e+00
3.916347500000000093e+00
3.916518400000000177e+00
3.916592800000000096e+00
3.916631000000000196e+00
3.916675800000000152e+00
3.916685199999999867e+00
3.943535699999999977e+00
3.943955199999999994e+00
3.944964099999999974e+00
3.945272800000000135e+00
3.945483299999999804e+00
3.945950799999999870e+00
3.946515900000000077e+00
3.946856799999999943e+00
3.947456799999999877e+00
3.947631599999999796e+00
3.950281799999999954e+00
3.951808399999999999e+00
3.951928500000000177e+00
3.952221600000000112e+00
3.953308600000000173e+00
3.953706200000000059e+00
4.102266099999999582e+00
4.102401699999999707e+00
4.102469799999999722e+00
4.102541600000000344e+00
4.102787000000000184e+00
4.102916600000000358e+00
4.104177299999999917e+00
4.104706300000000141e+00
4.104987000000000386e+00
4.105012699999999626e+00
4.105272300000000207e+00
4.105570900000000023e+00
4.709937799999999619e+00
4.709977499999999928e+00
4.710090499999999736e+00
4.710184800000000394e+00
4.710206499999999963e+00
4.710294499999999829e+00
4.710465400000000358e+00
4.710470899999999794e+00
4.710487999999999786e+00
4.710575999999999652e+00
4.710583899999999602e+00
4.710712400000000244e+00
4.824084000000000039e+00
4.824641299999999688e+00
4.824790600000000040e+00
4.877998599999999740e+00
4.878044100000000327e+00
4.878096799999999789e+00
4.878174300000000407e+00
4.878183199999999609e+00
4.878230699999999587e+00
4.880572599999999817e+00
4.880589900000000370e+00
4.880607900000000221e+00
4.880624199999999746e+00
4.880857699999999966e+00
4.880866400000000382e+00
4.881719799999999942e+00
4.881770200000000060e+00
4.881802900000000278e+00
4.881824199999999614e+00
4.881935099999999750e+00
4.881962200000000252e+00
4.882022799999999663e+00
4.882171399999999828e+00
4.882175000000000153e+00
4.882746499999999656e+00
4.882860100000000259e+00
4.882946699999999751e+00
4.980067199999999694e+00
4.980295500000000430e+00
4.980350999999999750e+00
4.983283400000000363e+00
4.983294199999999563e+00
4.983404300000000120e+00
4.983434100000000200e+00
4.983905499999999655e+00
4.983940300000000434e+00
4.984840300000000113e+00
4.984935899999999975e+00
4.985274099999999819e+00
5.525805199999999751e+00
5.527011899999999756e+00
5.527069299999999963e+00
5.529163699999999793e+00
5.530873500000000220e+00
5.530984799999999701e+00
5.531648299999999630e+00
5.531711099999999881e+00
5.531881699999999569e+00
5.532075999999999993e+00
5.532287900000000036e+00
5.532465199999999861e+00
5.532750599999999963e+00
5.533062700000000333e+00
5.533797100000000135e+00
5.534614799999999946e+00
5.535356499999999791e+00
5.535401799999999817e+00
5.535502700000000331e+00
5.535578700000000296e+00
5.536342699999999617e+00
5.536509500000000195e+00
5.536702400000000246e+00
5.537436399999999814e+00
5.537643300000000046e+00
5.538958199999999721e+00
5.540226299999999604e+00
5.540377200000000002e+00
5.540723999999999982e+00
5.540737899999999883e+00
5.540885600000000188e+00
5.542230499999999616e+00
5.848194099999999729e+00
5.848270600000000208e+00
5.848289900000000152e+00
5.848366399999999743e+00
5.848586000000000062e+00
5.848923700000000281e+00
5.849270599999999654e+00
5.849383300000000396e+00
5.849448299999999712e+00
5.849531299999999767e+00
5.850306999999999924e+00
5.850319299999999778e+00
5.850402299999999833e+00
5.850419699999999779e+00
5.850688800000000356e+00
5.851026499999999686e+00
5.856695700000000393e+00
5.856796899999999972e+00
5.857233800000000379e+00
5.858705800000000075e+00
5.859476500000000421e+00
5.859515100000000309e+00
6.265672499999999978e+00
6.265799399999999686e+00
6.265802100000000152e+00
6.265986500000000348e+00
6.266054600000000363e+00
6.266074800000000167e+00
6.266167199999999937e+00
6.266408799999999779e+00
6.266666200000000408e+00
6.266925699999999821e+00
6.267031700000000427e+00
6.267218599999999640e+00
6.300247999999999848e+00
6.300318599999999769e+00
6.301434300000000377e+00
6.303729500000000208e+00
6.304011899999999891e+00
6.304140699999999597e+00
6.304435599999999695e+00
6.305025399999999891e+00
6.305446800000000351e+00
6.305469099999999827e+00
6.306310500000000374e+00
6.306666700000000070e+00
6.306776900000000019e+00
6.306826499999999669e+00
6.308292100000000069e+00
6.308343899999999671e+00
6.308387100000000025e+00
6.309255000000000280e+00
6.309589400000000126e+00
6.309799499999999561e+00
6.310090899999999614e+00
6.311319400000000357e+00
6.312202300000000044e+00
6.312707600000000419e+00
7.409946999999999839e+00
7.410547300000000170e+00
7.412883299999999842e+00
7.413115499999999969e+00
7.413545400000000285e+00
7.414082099999999897e+00
7.416356500000000018e+00
7.416672199999999826e+00
7.601917900000000117e+00
7.602188400000000179e+00
7.603167700000000195e+00
7.603233000000000352e+00
7.603574199999999728e+00
7.603709399999999619e+00
7.604027900000000173e+00
7.605116399999999999e+00
7.605145699999999565e+00
7.605191600000000385e+00
7.605372499999999647e+00
7.605682200000000392e+00
7.629938799999999688e+00
7.630296099999999804e+00
7.630691299999999622e+00
7.631030199999999653e+00
7.631226700000000029e+00
7.631628799999999657e+00
7.631883900000000054e+00
7.632330099999999895e+00
7.632336500000000079e+00
7.632400500000000143e+00
7.632464999999999833e+00
7.633095400000000197e+00
7.713271100000000047e+00
7.713966400000000334e+00
7.715528899999999801e+00
7.716354899999999795e+00
7.716643200000000036e+00
7.717902099999999876e+00
7.718682399999999610e+00
7.718692299999999840e+00
7.720108299999999701e+00
7.720580100000000279e+00
7.720595000000000319e+00
7.720683799999999763e+00
7.978832899999999562e+00
7.978998100000000093e+00
7.979517000000000415e+00
7.979694499999999913e+00
7.980898500000000340e+00
7.981069399999999980e+00
7.988705200000000062e+00
7.989402400000000348e+00
7.989807100000000162e+00
7.990371800000000135e+00
7.990491399999999800e+00
7.991147500000000292e+00
7.991237800000000391e+00
7.991981700000000188e+00
7.992363600000000012e+00
7.992571100000000150e+00
7.993474199999999641e+00
7.993663599999999647e+00
8.000108400000000231e+00
8.000720100000000556e+00
8.001552500000000734e+00
8.001699900000000198e+00
8.002488700000000676e+00
8.002657799999999710e+00
8.018927299999999647e+00
8.020330200000000076e+00
8.020359199999999689e+00
8.020818699999999524e+00
8.020937299999999937e+00
8.022400499999999823e+00
8.992737699999999279e+00
8.995575000000000543e+00
8.995593299999999459e+00
8.998468700000000098e+00
8.998876599999999115e+00
8.999433200000000355e+00
9.000145200000000401e+00
9.000309899999999530e+00
9.000373200000000296e+00
9.000463099999999272e+00
9.000733800000000784e+00
9.001547300000000362e+00
9.001787600000000111e+00
9.001910999999999774e+00
9.004177500000000833e+00
9.005196500000000270e+00
9.015322700000000467e+00
9.015483599999999598e+00
9.016080699999999837e+00
9.016215799999999447e+00
9.016334999999999766e+00
9.016741299999999626e+00
9.016930300000000287e+00
9.017388800000000870e+00
9.017462800000000556e+00
9.017843100000000334e+00
9.017905499999999464e+00
9.018321500000000768e+00
9.191324299999999781e+00
9.192133999999999361e+00
9.192503200000000874e+00
9.193312900000000454e+00
9.194775200000000481e+00
9.195034800000000175e+00
9.195464700000000491e+00
9.195807900000000146e+00
9.195850599999999986e+00
9.196067499999999839e+00
9.196329199999999204e+00
9.196715199999999868e+00
9.197203899999999877e+00
9.197978700000000174e+00
9.202696800000000010e+00
9.202813900000000658e+00
9.203536599999999623e+00
9.203812100000000385e+00
9.203872499999999235e+00
9.204147900000000604e+00
9.204303599999999363e+00
9.204371699999999379e+00
9.205173600000000178e+00
9.205241700000000193e+00
9.205498000000000403e+00
9.207110800000000594e+00
9.207240399999999880e+00
9.208107599999999948e+00
9.208237199999999234e+00
9.209084700000000012e+00
9.209224700000000041e+00
9.211041299999999765e+00
9.212287099999999285e+00
9.213931300000000491e+00
9.214490800000000092e+00
9.217497399999999175e+00
9.219289299999999798e+00
9.220260500000000192e+00
9.221363500000000712e+00
9.222304499999999905e+00
9.407402799999999843e+00
9.408063200000000847e+00
9.411273400000000677e+00
9.411850700000000458e+00
9.412274299999999982e+00
9.413661599999999297e+00
9.413722500000000437e+00
9.414219400000000348e+00
9.415245999999999782e+00
9.415896500000000557e+00
9.416116999999999848e+00
9.416382499999999212e+00
9.416887100000000288e+00
9.417669399999999413e+00
9.417909399999999209e+00
9.418522700000000469e+00
9.419520000000000337e+00
9.420046799999999720e+00
9.420227999999999824e+00
9.421500999999999237e+00
9.421630000000000393e+00
9.422798800000000696e+00
9.425939200000000184e+00
9.426737799999999723e+00
9.514201299999999861e+00
9.514252799999999510e+00
9.514262799999999132e+00
9.514345999999999748e+00
9.515981999999999275e+00
9.516295899999999364e+00
9.519635499999999695e+00
9.520224400000000031e+00
9.520458100000000812e+00
9.521642500000000453e+00
9.522019399999999578e+00
9.522125900000000698e+00
9.522351999999999705e+00
9.522520899999999955e+00
9.522523299999999580e+00
9.522819200000000706e+00
9.523061000000000220e+00
9.523075199999999185e+00
9.523144699999999574e+00
9.523202500000000015e+00
9.523386600000000257e+00
9.523448099999999528e+00
9.523740000000000094e+00
9.524043100000000095e+00
9.524294299999999325e+00
9.524335799999999352e+00
9.524377799999999894e+00
9.524448700000000656e+00
9.524699500000000540e+00
9.524978900000000692e+00
9.525099300000000824e+00
9.525210400000000632e+00
9.525274299999999528e+00
9.525965700000000425e+00
9.526808700000000130e+00
9.526862700000000572e+00
9.527084500000000844e+00
9.527209799999999618e+00
9.527462999999999127e+00
9.527787000000000006e+00
9.528008700000000886e+00
9.529555200000000781e+00
9.530148199999999292e+00
9.530441700000000793e+00
9.532102399999999420e+00
9.532140699999999356e+00
9.532220399999999927e+00
9.532296399999999892e+00
9.556110699999999625e+00
9.557123199999999485e+00
9.557155500000000359e+00
9.560028400000000204e+00
9.560923000000000727e+00
9.561186899999999156e+00
9.562078500000000147e+00
9.562253099999999506e+00
9.564925799999999256e+00
9.565121599999999447e+00
9.566165599999999714e+00
9.566818700000000675e+00
9.567048299999999728e+00
9.568489500000000092e+00
9.570595700000000150e+00
9.570999699999999777e+00
9.571761199999999192e+00
9.571935399999999206e+00
9.572178499999999701e+00
9.573157000000000139e+00
9.573679300000000225e+00
9.574317100000000025e+00
9.574391800000000785e+00
9.574676099999999579e+00
9.574761600000000428e+00
9.574849000000000387e+00
9.574861500000000802e+00
9.575379599999999769e+00
9.575462800000000385e+00
9.575692699999999391e+00
9.576207899999999995e+00
9.576895099999999772e+00
9.577215400000000045e+00
9.577336199999999522e+00
9.578196600000000061e+00
9.578780500000000586e+00
9.730253700000000450e+00
9.730684999999999363e+00
9.730923100000000048e+00
9.731051600000000690e+00
9.731082499999999413e+00
9.731536000000000186e+00
9.731545399999999901e+00
9.731842399999999671e+00
9.734040800000000715e+00
9.734455000000000524e+00
9.734560899999999961e+00
9.734755200000000386e+00
9.734908300000000736e+00
9.735928899999999331e+00
9.735995000000000843e+00
9.736102999999999952e+00
9.738800499999999971e+00
9.739188000000000400e+00
9.739265200000000178e+00
9.739665399999999806e+00
9.739972599999999758e+00
9.740515399999999602e+00
9.740771399999999858e+00
9.741247400000000667e+00
1.018947900000000040e+01
1.018955599999999961e+01
1.019167099999999948e+01
1.019185599999999958e+01
1.019191799999999937e+01
1.019196900000000028e+01
1.019200099999999942e+01
1.019200900000000054e+01
1.023446200000000061e+01
1.023447999999999958e+01
1.023449800000000032e+01
1.023474299999999992e+01
1.023499200000000009e+01
1.023500699999999952e+01
1.024966500000000025e+01
1.025012100000000004e+01
1.025020999999999916e+01
1.025022700000000064e+01
1.025024600000000063e+01
1.025049199999999949e+01
1.025074000000000041e+01
1.025075499999999984e+01
1.025079200000000057e+01
1.025111000000000061e+01
1.025145700000000026e+01
1.025247799999999998e+01
1.025296699999999994e+01
1.025344600000000028e+01
1.025361599999999918e+01
1.025414199999999987e+01
1.025506099999999954e+01
1.025576799999999977e+01
1.034613399999999928e+01
1.034747600000000034e+01
1.034748500000000071e+01
1.034757699999999936e+01
1.036089600000000033e+01
1.036136699999999955e+01
1.036335000000000051e+01
1.036410200000000081e+01
1.036457599999999957e+01
1.036612700000000054e+01
1.036714199999999941e+01
1.036853299999999933e+01
1.036855399999999960e+01
1.036905499999999947e+01
1.037052500000000066e+01
1.037107999999999919e+01
1.058789999999999942e+01
1.058811200000000063e+01
1.058815799999999996e+01
1.058828800000000037e+01
1.058873900000000035e+01
1.058962200000000031e+01
1.058991999999999933e+01
1.059088500000000010e+01
1.059097099999999969e+01
1.059119100000000024e+01
1.059146999999999927e+01
1.059170100000000048e+01
1.059798600000000057e+01
1.059819500000000048e+01
1.059821600000000075e+01
1.059839799999999954e+01
1.059867099999999951e+01
1.059960599999999964e+01
1.059990299999999941e+01
1.060094699999999968e+01
1.060127400000000009e+01
1.060139799999999966e+01
1.060139799999999966e+01
1.060146899999999981e+01
1.094384299999999932e+01
1.094502199999999981e+01
1.094846800000000009e+01
1.094950099999999971e+01
1.095023499999999927e+01
1.095062099999999994e+01
1.095806699999999978e+01
1.095840300000000056e+01
1.095913600000000088e+01
1.096000599999999991e+01
1.096383900000000011e+01
1.096483600000000003e+01
1.097818900000000042e+01
1.098057400000000072e+01
1.098123499999999986e+01
1.098557600000000001e+01
1.098656899999999936e+01
1.098698399999999964e+01
1.098744499999999924e+01
1.098902400000000057e+01
1.099040899999999965e+01
1.099159000000000042e+01
1.099200599999999994e+01
1.099253999999999998e+01
1.099412799999999990e+01
1.099481100000000033e+01
1.099539900000000081e+01
1.099655100000000019e+01
1.099782199999999932e+01
1.099964100000000045e+01
1.100019400000000047e+01
1.100025399999999998e+01
1.100148199999999932e+01
1.100288699999999942e+01
1.100340800000000030e+01
1.100589699999999915e+01
1.115313000000000088e+01
1.115343599999999924e+01
1.115448899999999988e+01
1.115498599999999918e+01
1.115562500000000057e+01
1.115679500000000068e+01
1.115760399999999919e+01
1.115859999999999985e+01
1.115875999999999912e+01
1.115946199999999955e+01
1.115991400000000056e+01
1.115999799999999986e+01
1.116153500000000065e+01
1.116167199999999937e+01
1.116197900000000054e+01
1.116281099999999959e+01
1.116400600000000054e+01
1.116414400000000029e+01
1.116484699999999997e+01
1.116806899999999914e+01
1.116908500000000082e+01
1.116931800000000052e+01
1.116941899999999954e+01
1.117145099999999935e+01
1.166306999999999938e+01
1.166341599999999978e+01
1.166384000000000043e+01
1.166414200000000001e+01
1.166455999999999982e+01
1.166538000000000075e+01
1.166566399999999959e+01
1.166595200000000077e+01
1.166633000000000031e+01
1.166678199999999954e+01
1.166733400000000032e+01
1.166785899999999998e+01
1.219008900000000040e+01
1.219070900000000002e+01
1.219302599999999970e+01
1.219302899999999923e+01
1.219374299999999955e+01
1.219529200000000024e+01
1.219680199999999992e+01
1.219818099999999994e+01
1.219895700000000005e+01
1.220084300000000077e+01
1.220296199999999942e+01
1.220385800000000032e+01
1.227960400000000085e+01
1.227970000000000006e+01
1.227981499999999926e+01
1.228023800000000065e+01
1.228033100000000033e+01
1.228120200000000040e+01
1.228127399999999980e+01
1.228191799999999922e+01
1.230019199999999913e+01
1.230096600000000073e+01
1.230341199999999979e+01
1.230746300000000026e+01
1.230819800000000086e+01
1.230996099999999949e+01
1.231146599999999935e+01
1.231309800000000010e+01
1.231386999999999965e+01
1.231595100000000009e+01
1.231842600000000054e+01
1.231916900000000048e+01
1.262434099999999937e+01
1.262466500000000025e+01
1.262634800000000013e+01
1.262759900000000002e+01
1.262874899999999911e+01
1.262998400000000032e+01
1.263139499999999948e+01
1.263189799999999963e+01
1.263244100000000003e+01
1.263293799999999933e+01
1.263338099999999997e+01
1.263352399999999953e+01
1.263681300000000007e+01
1.263688400000000023e+01
1.263691200000000059e+01
1.263799799999999962e+01
1.263843499999999942e+01
1.263896599999999992e+01
1.263995599999999975e+01
1.264175499999999985e+01
1.264237999999999928e+01
1.264297200000000032e+01
1.264410600000000073e+01
1.264442900000000058e+01
1.266670399999999930e+01
1.266974599999999995e+01
1.267127799999999915e+01
1.267563600000000079e+01
1.267689700000000030e+01
1.268144700000000036e+01
1.268308999999999997e+01
1.268539499999999975e+01
1.276538099999999964e+01
1.276584300000000027e+01
1.276604999999999990e+01
1.276605799999999924e+01
1.276671100000000081e+01
1.276708099999999924e+01
1.276715100000000014e+01
1.276782500000000020e+01
1.276792499999999997e+01
1.276797000000000004e+01
1.276813399999999987e+01
1.276816200000000023e+01
1.276831699999999969e+01
1.276837599999999995e+01
1.276878899999999994e+01
1.276892299999999913e+01
1.277001100000000022e+01
1.277010499999999915e+01
1.277019800000000060e+01
1.277024100000000040e+01
1.277032900000000026e+01
1.277104699999999937e+01
1.277117199999999997e+01
1.277130999999999972e+01
1.333409200000000006e+01
1.333751700000000007e+01
1.333752899999999997e+01
1.333763100000000001e+01
1.360313700000000026e+01
1.360374099999999942e+01
1.360572600000000065e+01
1.360643100000000061e+01
1.360703799999999930e+01
1.360839400000000055e+01
1.360970400000000069e+01
1.361089499999999930e+01
1.361159699999999972e+01
1.361335000000000051e+01
1.361523399999999917e+01
1.361594799999999950e+01
1.379279799999999945e+01
1.379297700000000049e+01
1.379319100000000020e+01
1.379344200000000065e+01
1.379582199999999936e+01
1.379603400000000057e+01
1.379678200000000032e+01
1.379692000000000007e+01
1.379710500000000017e+01
1.379727399999999982e+01
1.380031400000000019e+01
1.380041800000000052e+01
1.380063200000000023e+01
1.380074300000000065e+01
1.380378900000000009e+01
1.380421100000000045e+01
1.380429200000000023e+01
1.380437900000000084e+01
1.380528299999999930e+01
1.380547699999999978e+01
1.380763199999999991e+01
1.380785900000000055e+01
1.380808099999999961e+01
1.380826500000000046e+01
1.419338800000000056e+01
1.419638899999999992e+01
1.419746999999999915e+01
1.420142799999999994e+01
1.420167400000000058e+01
1.420443500000000014e+01
1.420510299999999937e+01
1.420559199999999933e+01
1.420602500000000035e+01
1.420752799999999993e+01
1.420977700000000077e+01
1.421104300000000009e+01
1.421113599999999977e+01
1.421216100000000004e+01
1.421444999999999936e+01
1.421719799999999978e+01
1.421780099999999969e+01
1.421838400000000036e+01
1.421890900000000002e+01
1.422189200000000042e+01
1.422195900000000002e+01
1.422308300000000081e+01
1.422409399999999913e+01
1.422706499999999963e+01
1.423091400000000029e+01
1.423165599999999920e+01
1.423367600000000088e+01
1.423402800000000035e+01
1.423592200000000041e+01
1.423687699999999978e+01
1.436832899999999924e+01
1.437080199999999941e+01
1.437165300000000023e+01
1.437183300000000052e+01
1.437185999999999986e+01
1.437417100000000048e+01
1.437463200000000008e+01
1.437518200000000057e+01
1.437546500000000016e+01
1.437613400000000041e+01
1.437763700000000000e+01
1.437854899999999958e+01
1.437901100000000021e+01
1.438009800000000027e+01
1.438146000000000058e+01
1.438253100000000018e+01
1.438292200000000065e+01
1.438348700000000058e+01
1.438389800000000029e+01
1.438646199999999986e+01
1.438648500000000041e+01
1.438928100000000043e+01
1.439000399999999935e+01
1.439261899999999983e+01
1.461276100000000078e+01
1.461425299999999972e+01
1.461505400000000066e+01
1.461570200000000064e+01
1.461630500000000055e+01
1.461720900000000078e+01
1.461807899999999982e+01
1.461851200000000084e+01
1.461856799999999978e+01
1.461945500000000031e+01
1.462012900000000037e+01
1.462021200000000043e+01
1.486530400000000007e+01
1.486643800000000049e+01
1.486673500000000026e+01
1.486683599999999927e+01
1.486688999999999972e+01
1.486803199999999947e+01
1.486991500000000066e+01
1.486996099999999998e+01
1.486997700000000044e+01
1.487029800000000002e+01
1.487104800000000004e+01
1.487139600000000073e+01
1.487302999999999997e+01
1.487338899999999953e+01
1.487411600000000078e+01
1.487412800000000068e+01
1.487417400000000001e+01
1.487445999999999913e+01
1.487615399999999966e+01
1.487718699999999927e+01
1.487725299999999962e+01
1.487742899999999935e+01
1.487772700000000015e+01
1.487888099999999980e+01
1.514933000000000085e+01
1.514940700000000007e+01
1.514943899999999921e+01
1.514944299999999977e+01
1.514952700000000085e+01
1.514965399999999995e+01
1.514967500000000022e+01
1.514988300000000088e+01
1.514992200000000011e+01
1.514999599999999980e+01
1.515010099999999937e+01
1.515018899999999924e+01
1.526756199999999986e+01
1.526765800000000084e+01
1.526986999999999917e+01
1.527026900000000076e+01
1.527038499999999921e+01
1.527125599999999928e+01
1.527130599999999916e+01
1.527197199999999988e+01
1.563040400000000041e+01
1.563327899999999993e+01
1.563455599999999990e+01
1.563494299999999981e+01
1.563525100000000023e+01
1.563575900000000019e+01
1.563696500000000000e+01
1.563727199999999939e+01
1.586633499999999941e+01
1.586757000000000062e+01
1.587120299999999951e+01
1.587127599999999994e+01
1.587152700000000038e+01
1.587204599999999921e+01
1.587540100000000010e+01
1.587560200000000066e+01
1.587793399999999977e+01
1.587803700000000084e+01
1.587869000000000064e+01
1.587880999999999965e+01
1.587948199999999943e+01
1.587959099999999957e+01
1.587962600000000002e+01
1.588018899999999967e+01
1.588227599999999917e+01
1.588292700000000046e+01
1.588392799999999916e+01
1.588596899999999934e+01
1.588634000000000057e+01
1.588669600000000059e+01
1.588755300000000048e+01
1.588876899999999992e+01
1.639237500000000125e+01
1.639330999999999960e+01
1.639590700000000112e+01
1.639691399999999888e+01
1.639950699999999983e+01
1.640041000000000082e+01
1.662088899999999825e+01
1.662280099999999905e+01
1.662282400000000138e+01
1.662290099999999882e+01
1.714793999999999841e+01
1.715135700000000085e+01
1.715140799999999999e+01
1.721442100000000153e+01
1.721507499999999879e+01
1.721561399999999864e+01
1.721583599999999947e+01
1.721699100000000016e+01
1.722078300000000084e+01
1.722180300000000130e+01
1.722186100000000053e+01
1.722228099999999884e+01
1.722259299999999982e+01
1.722404699999999877e+01
1.722442300000000159e+01
1.722465100000000149e+01
1.722589500000000129e+01
1.722615800000000164e+01
1.722745799999999861e+01
1.723263299999999987e+01
1.723302699999999987e+01
1.723338100000000139e+01
1.723744399999999999e+01
1.723759099999999833e+01
1.723780299999999954e+01
1.723834000000000088e+01
1.723835000000000051e+01
1.723876299999999873e+01
1.724315700000000007e+01
1.724333400000000083e+01
1.724371899999999869e+01
1.734301599999999866e+01
1.734328400000000059e+01
1.734348400000000012e+01
1.735235700000000136e+01
1.735246700000000075e+01
1.735250699999999924e+01
1.735280399999999901e+01
1.735301000000000116e+01
1.735320000000000107e+01
1.735846799999999845e+01
1.735879699999999914e+01
1.735882700000000156e+01
1.744046700000000172e+01
1.744097400000000064e+01
1.744208700000000078e+01
1.744715000000000060e+01
1.744746900000000167e+01
1.744823600000000141e+01
1.744925800000000038e+01
1.745003099999999918e+01
1.745072100000000148e+01
1.745245600000000152e+01
1.745404100000000014e+01
1.745411800000000113e+01
1.745415500000000009e+01
1.745449100000000087e+01
1.745599800000000101e+01
1.746070500000000081e+01
1.746115899999999854e+01
1.746233300000000099e+01
1.746294100000000071e+01
1.746386800000000150e+01
1.746400799999999975e+01
1.746582599999999985e+01
1.746687199999999862e+01
1.746753000000000000e+01
1.761485599999999963e+01
1.761538699999999835e+01
1.761688600000000093e+01
1.761702800000000124e+01
1.761705800000000011e+01
1.761846099999999993e+01
1.761941699999999855e+01
1.761947100000000077e+01
1.762024999999999864e+01
1.762106199999999845e+01
1.762191599999999880e+01
1.762197799999999859e+01
1.762199599999999933e+01
1.762209199999999854e+01
1.762300799999999867e+01
1.762580799999999925e+01
1.762649299999999997e+01
1.762683699999999831e+01
1.762753400000000070e+01
1.762898900000000069e+01
1.762899699999999825e+01
1.763138100000000108e+01
1.763278199999999885e+01
1.763372800000000140e+01
1.821818800000000138e+01
1.864533000000000129e+01
1.864605900000000105e+01
1.864642900000000125e+01
1.865008299999999863e+01
1.865030499999999947e+01
1.865070499999999853e+01
1.865144199999999941e+01
1.865164499999999848e+01
1.865216799999999964e+01
1.865524699999999925e+01
1.865560599999999880e+01
1.865622600000000020e+01
1.932082300000000075e+01
1.932141899999999879e+01
1.932167300000000054e+01
1.932200200000000123e+01
1.932205899999999943e+01
1.932245100000000093e+01
1.933782400000000123e+01
1.933814800000000034e+01
1.933835200000000043e+01
1.933848300000000009e+01
1.933869400000000027e+01
1.933934899999999857e+01
1.960884700000000080e+01
1.961285399999999868e+01
1.961285499999999971e+01
1.961295499999999947e+01
2.067369499999999860e+01
2.067385099999999909e+01
2.067394900000000035e+01
2.067421699999999873e+01
2.067435599999999951e+01
2.067440399999999912e+01
2.068944300000000069e+01
2.068959900000000118e+01
2.068969600000000142e+01
2.068996500000000083e+01
2.069010499999999908e+01
2.069015100000000018e+01
2.088075200000000109e+01
2.089262199999999936e+01
2.089267600000000158e+01
2.089350400000000008e+01
2.090265399999999829e+01
2.090356299999999834e+01
2.090358300000000114e+01
2.091212000000000160e+01
