#Sorted eigenvalues (with e-h interaction) (in eV)
3.582721700000000009e+00
3.582904699999999831e+00
3.583382900000000149e+00
3.595066600000000001e+00
3.595342800000000061e+00
3.596428899999999818e+00
3.649146000000000001e+00
3.650007299999999955e+00
3.672643299999999833e+00
3.713330299999999973e+00
3.713392100000000084e+00
3.713699200000000200e+00
3.768017700000000136e+00
3.768151000000000028e+00
3.768793200000000176e+00
3.772914500000000171e+00
3.773067199999999843e+00
3.843661899999999854e+00
3.843797599999999814e+00
3.844326699999999875e+00
3.856605800000000084e+00
3.856812099999999965e+00
3.857060199999999828e+00
3.859434499999999879e+00
3.859668800000000122e+00
3.869127000000000205e+00
3.869280199999999947e+00
3.870271100000000075e+00
3.873759900000000034e+00
3.873815599999999915e+00
3.874128100000000074e+00
3.878362999999999783e+00
3.878397000000000094e+00
3.991324000000000094e+00
3.991652900000000059e+00
3.991803500000000060e+00
3.995351499999999945e+00
3.995505399999999874e+00
3.995561700000000105e+00
3.999668499999999849e+00
3.999705099999999902e+00
3.999846900000000094e+00
4.018853400000000242e+00
4.018996600000000363e+00
4.019323199999999652e+00
4.514757900000000213e+00
4.515305500000000194e+00
4.515405200000000008e+00
4.533765700000000010e+00
4.533893800000000418e+00
4.534397099999999625e+00
4.599098800000000153e+00
4.599232699999999952e+00
4.599329599999999907e+00
4.616142700000000154e+00
4.616293299999999711e+00
4.616373900000000141e+00
4.706754199999999777e+00
4.707082800000000233e+00
4.707418299999999611e+00
4.723145599999999611e+00
4.723848300000000222e+00
4.723929100000000325e+00
4.755038700000000063e+00
4.755153899999999823e+00
4.756054699999999968e+00
4.759383099999999978e+00
4.759424700000000286e+00
4.767879100000000037e+00
4.767923900000000437e+00
4.767967600000000417e+00
4.778093900000000005e+00
4.789135400000000153e+00
4.790644200000000019e+00
4.790729299999999746e+00
4.791280900000000287e+00
4.793675499999999978e+00
4.793766899999999609e+00
4.805635099999999937e+00
4.806046600000000169e+00
4.806232500000000130e+00
4.807640899999999995e+00
4.807840299999999623e+00
4.808181799999999839e+00
4.896252399999999838e+00
4.896364900000000020e+00
4.897240199999999710e+00
4.898052100000000131e+00
4.899080699999999844e+00
4.899172499999999708e+00
4.902516199999999991e+00
4.902588999999999864e+00
4.902694699999999628e+00
4.902749799999999603e+00
4.902831199999999612e+00
4.903125099999999570e+00
5.376622799999999813e+00
5.376893700000000109e+00
5.377161599999999986e+00
5.393989200000000039e+00
5.394170599999999816e+00
5.394797399999999854e+00
5.421766400000000097e+00
5.422243599999999830e+00
5.422581400000000329e+00
5.423275799999999869e+00
5.423800700000000141e+00
5.428762200000000426e+00
5.429427300000000400e+00
5.430133599999999561e+00
5.433095699999999972e+00
5.443730900000000261e+00
5.444409199999999949e+00
5.444681899999999963e+00
5.445272899999999971e+00
5.445448700000000031e+00
5.445681600000000344e+00
5.446044500000000177e+00
5.446600899999999967e+00
5.448649399999999865e+00
5.448924700000000065e+00
5.449896800000000319e+00
5.450197900000000040e+00
5.452250099999999655e+00
5.465565599999999691e+00
5.465975900000000109e+00
5.466498200000000196e+00
5.494086799999999826e+00
5.747243199999999774e+00
5.748011100000000262e+00
5.748366299999999818e+00
5.748880800000000235e+00
5.748965799999999682e+00
5.749641399999999791e+00
5.750715900000000325e+00
5.750948799999999750e+00
5.751505200000000428e+00
5.751690599999999876e+00
5.751813300000000240e+00
5.753585400000000405e+00
5.753970800000000274e+00
5.754273399999999761e+00
5.759019000000000332e+00
5.763626699999999659e+00
5.763742500000000213e+00
5.763859700000000252e+00
5.769163599999999725e+00
5.769349000000000061e+00
5.769834799999999930e+00
5.815387699999999604e+00
6.117940299999999887e+00
6.117971200000000387e+00
6.118055499999999647e+00
6.149929900000000060e+00
6.150106700000000259e+00
6.150199100000000030e+00
6.153696100000000335e+00
6.153843199999999847e+00
6.153944000000000081e+00
6.165889400000000187e+00
6.166041299999999836e+00
6.166189799999999721e+00
6.191371300000000133e+00
6.191613000000000255e+00
6.206496500000000083e+00
6.207058199999999637e+00
6.207173700000000238e+00
6.208440999999999654e+00
6.208702399999999955e+00
6.209229900000000413e+00
6.209864900000000354e+00
6.210158400000000078e+00
6.210375700000000165e+00
6.212229200000000340e+00
6.212909699999999980e+00
6.221529999999999561e+00
6.221794700000000233e+00
6.222700999999999816e+00
6.222803400000000096e+00
6.229940400000000267e+00
6.230117400000000139e+00
6.230202199999999912e+00
6.231961499999999710e+00
6.232013600000000153e+00
6.232072900000000359e+00
6.235249600000000392e+00
7.310225299999999926e+00
7.310734400000000299e+00
7.311982099999999818e+00
7.314420300000000097e+00
7.315536400000000050e+00
7.315576000000000079e+00
7.321191200000000343e+00
7.336245800000000372e+00
7.493285600000000102e+00
7.493363500000000066e+00
7.493397299999999817e+00
7.501388200000000062e+00
7.501875599999999977e+00
7.502066700000000310e+00
7.505513299999999610e+00
7.505924300000000216e+00
7.512157300000000149e+00
7.512196499999999943e+00
7.512658400000000292e+00
7.521246299999999607e+00
7.521376799999999641e+00
7.521575000000000344e+00
7.527535300000000262e+00
7.527653199999999600e+00
7.530218099999999914e+00
7.538826099999999641e+00
7.538993900000000359e+00
7.539017099999999694e+00
7.561933699999999980e+00
7.562054899999999691e+00
7.562063600000000108e+00
7.592761399999999661e+00
7.593121199999999682e+00
7.600980700000000034e+00
7.601395300000000077e+00
7.602608499999999658e+00
7.604228499999999613e+00
7.604397999999999769e+00
7.604806100000000235e+00
7.604942300000000266e+00
7.606649199999999666e+00
7.606813599999999731e+00
7.629731300000000438e+00
7.643974199999999719e+00
7.836943599999999677e+00
7.839949100000000115e+00
7.840527800000000269e+00
7.859843099999999971e+00
7.860417899999999847e+00
7.862840600000000180e+00
7.880906200000000084e+00
7.890441100000000318e+00
7.891927599999999821e+00
7.892380400000000407e+00
7.893011800000000022e+00
7.896216500000000416e+00
7.897040600000000410e+00
7.898925900000000055e+00
7.899542399999999631e+00
7.903746299999999891e+00
7.905067500000000358e+00
7.906312599999999691e+00
7.906901699999999700e+00
7.907587099999999758e+00
7.908803999999999945e+00
7.909807999999999950e+00
7.910189199999999587e+00
7.917001599999999861e+00
7.918317499999999676e+00
7.918649600000000177e+00
7.919224599999999725e+00
7.948983100000000412e+00
7.949030600000000391e+00
7.949143000000000292e+00
8.807944700000000182e+00
8.808100700000000671e+00
8.846140699999999413e+00
8.846553500000000625e+00
8.846842199999999323e+00
8.868863899999999134e+00
8.869318200000000374e+00
8.870030500000000373e+00
8.878880999999999801e+00
8.878950700000000751e+00
8.879039099999999962e+00
8.888150700000000626e+00
8.889092899999999631e+00
8.895428700000000077e+00
8.897715599999999725e+00
8.898315600000000103e+00
8.898821999999999122e+00
8.898909200000000297e+00
8.900174200000000369e+00
8.900797199999999521e+00
8.901213800000000731e+00
8.904627100000000794e+00
8.904833299999999952e+00
8.905592699999999695e+00
8.909413799999999384e+00
8.909643700000000166e+00
8.909834800000000499e+00
8.912217399999999401e+00
9.053363299999999114e+00
9.054519600000000779e+00
9.060010699999999417e+00
9.061235599999999835e+00
9.064932799999999347e+00
9.066634099999999918e+00
9.067849300000000667e+00
9.070234499999999755e+00
9.070538199999999662e+00
9.071797300000000064e+00
9.083743699999999421e+00
9.084652399999999517e+00
9.084877600000000442e+00
9.087093499999999935e+00
9.090947800000000356e+00
9.092522799999999350e+00
9.097139099999999701e+00
9.098046300000000031e+00
9.099534300000000187e+00
9.100351200000000418e+00
9.101358299999999346e+00
9.103745599999999882e+00
9.104695899999999398e+00
9.105294199999999449e+00
9.111303400000000607e+00
9.111516699999999247e+00
9.125504299999999347e+00
9.125987900000000153e+00
9.126158999999999466e+00
9.130398299999999523e+00
9.132001799999999392e+00
9.133457699999999235e+00
9.134036200000000605e+00
9.134588499999999556e+00
9.136963099999999116e+00
9.137557400000000385e+00
9.139388900000000149e+00
9.143042499999999961e+00
9.143167000000000044e+00
9.162072399999999561e+00
9.244320599999999999e+00
9.245246800000000320e+00
9.245805100000000110e+00
9.251833500000000043e+00
9.252860999999999336e+00
9.261223100000000485e+00
9.261629900000000859e+00
9.261852199999999868e+00
9.308811099999999783e+00
9.309571500000000555e+00
9.309640599999999822e+00
9.323148500000000283e+00
9.324643299999999968e+00
9.326397399999999394e+00
9.329162099999999569e+00
9.331161699999999115e+00
9.332961900000000810e+00
9.336968499999999338e+00
9.342489999999999739e+00
9.342946599999999435e+00
9.344747599999999821e+00
9.348468900000000303e+00
9.349262799999999984e+00
9.349569199999999469e+00
9.379826299999999506e+00
9.379933299999999363e+00
9.380184099999999248e+00
9.380238099999999690e+00
9.380846000000000018e+00
9.388614900000000318e+00
9.388688200000000705e+00
9.388804900000000231e+00
9.392875999999999337e+00
9.393448100000000522e+00
9.393589499999999148e+00
9.397144700000000128e+00
9.403320100000000181e+00
9.403686300000000386e+00
9.409185300000000751e+00
9.409482199999999352e+00
9.409661399999999176e+00
9.418791099999999972e+00
9.419898999999999134e+00
9.420731999999999218e+00
9.422189499999999995e+00
9.424869100000000444e+00
9.425675699999999324e+00
9.425794500000000298e+00
9.429436700000000116e+00
9.430394400000000843e+00
9.430951900000000165e+00
9.431273600000000812e+00
9.431770399999999555e+00
9.432139100000000553e+00
9.432339499999999433e+00
9.432952399999999571e+00
9.435978300000000374e+00
9.436383199999999860e+00
9.436802500000000649e+00
9.440414900000000387e+00
9.440654200000000884e+00
9.441108099999999226e+00
9.441654200000000330e+00
9.441964999999999719e+00
9.443314000000000874e+00
9.443532599999999277e+00
9.443780500000000799e+00
9.456876400000000515e+00
9.457190199999999436e+00
9.457471899999999820e+00
9.457667000000000712e+00
9.458655300000000210e+00
9.458950899999999606e+00
9.459883100000000766e+00
9.462150599999999301e+00
9.462315399999999599e+00
9.463429500000000161e+00
9.466734900000000508e+00
9.467807499999999266e+00
9.468175600000000358e+00
9.468740099999999771e+00
9.469386000000000081e+00
9.474398300000000717e+00
9.474553300000000178e+00
9.475581200000000592e+00
9.475887300000000124e+00
9.481021800000000610e+00
9.482821899999999360e+00
9.484679099999999252e+00
9.488085200000000441e+00
9.488547199999999293e+00
9.489038000000000750e+00
9.489068400000000736e+00
9.489736000000000615e+00
9.489799700000000726e+00
9.492744300000000024e+00
9.493343799999999888e+00
9.493387099999999634e+00
9.493796200000000240e+00
9.495918200000000198e+00
9.496344000000000563e+00
9.497758899999999116e+00
9.500948599999999189e+00
9.501292799999999872e+00
9.501535799999999199e+00
9.503631199999999168e+00
9.504244999999999166e+00
9.504448999999999259e+00
9.617627600000000498e+00
9.617811800000000133e+00
9.617960899999999924e+00
9.630725699999999279e+00
9.631249399999999738e+00
9.635705599999999649e+00
9.635880900000000082e+00
9.636700700000000452e+00
9.640427400000000091e+00
9.640720899999999816e+00
9.640889500000000112e+00
9.641072599999999326e+00
9.641716600000000525e+00
9.643328000000000344e+00
9.643980000000000885e+00
9.644345400000000623e+00
9.656000600000000489e+00
9.676434600000000330e+00
9.676724399999999449e+00
9.677432899999999449e+00
9.686650500000000719e+00
9.687131499999999562e+00
9.687943999999999889e+00
9.774705400000000211e+00
1.007584300000000077e+01
1.007590899999999934e+01
1.008514300000000041e+01
1.008516700000000021e+01
1.008598199999999956e+01
1.009035000000000082e+01
1.009045500000000040e+01
1.009125000000000050e+01
1.013086299999999973e+01
1.013100799999999957e+01
1.013448499999999974e+01
1.013476900000000036e+01
1.013554599999999972e+01
1.013746500000000061e+01
1.013751500000000050e+01
1.013781799999999933e+01
1.013803899999999913e+01
1.013816600000000001e+01
1.014296000000000042e+01
1.014306999999999981e+01
1.014318100000000022e+01
1.014533999999999914e+01
1.014542600000000050e+01
1.014574200000000026e+01
1.014672200000000046e+01
1.015325099999999914e+01
1.015334099999999928e+01
1.016668300000000080e+01
1.017336599999999969e+01
1.017346900000000076e+01
1.017349300000000056e+01
1.019096399999999925e+01
1.025104800000000083e+01
1.025164799999999943e+01
1.025184800000000074e+01
1.025536699999999968e+01
1.025603599999999993e+01
1.025669800000000009e+01
1.026085100000000061e+01
1.026282299999999914e+01
1.026358600000000010e+01
1.026391600000000004e+01
1.026947799999999944e+01
1.026956700000000033e+01
1.027367500000000078e+01
1.027426900000000032e+01
1.027437499999999915e+01
1.028240399999999966e+01
1.047564999999999991e+01
1.047578700000000040e+01
1.047668499999999980e+01
1.048253899999999916e+01
1.048318399999999961e+01
1.048493000000000031e+01
1.048552399999999984e+01
1.048656700000000086e+01
1.048711499999999930e+01
1.048891099999999987e+01
1.048920700000000039e+01
1.049684899999999921e+01
1.049745099999999987e+01
1.049806000000000061e+01
1.050228199999999923e+01
1.050356000000000023e+01
1.050509300000000046e+01
1.050539700000000032e+01
1.050899199999999922e+01
1.050964699999999930e+01
1.051012700000000066e+01
1.051575099999999985e+01
1.051643900000000009e+01
1.051726700000000037e+01
1.080808900000000072e+01
1.080960100000000068e+01
1.081232999999999933e+01
1.081570100000000068e+01
1.081790100000000088e+01
1.082166199999999989e+01
1.082282999999999973e+01
1.082640899999999995e+01
1.082762100000000061e+01
1.083707199999999915e+01
1.083856399999999987e+01
1.083974899999999941e+01
1.087804799999999972e+01
1.088167999999999935e+01
1.088184599999999946e+01
1.088937899999999992e+01
1.088953799999999994e+01
1.089537200000000006e+01
1.089602900000000041e+01
1.089704900000000087e+01
1.089803099999999958e+01
1.090128499999999967e+01
1.090204600000000035e+01
1.090332800000000013e+01
1.090598999999999918e+01
1.090676000000000023e+01
1.090732099999999960e+01
1.090924700000000058e+01
1.091055000000000064e+01
1.091166499999999928e+01
1.091520500000000027e+01
1.091602400000000017e+01
1.092552099999999982e+01
1.092562000000000033e+01
1.092569600000000030e+01
1.097300500000000056e+01
1.104099899999999934e+01
1.104254899999999928e+01
1.104279400000000066e+01
1.104644700000000057e+01
1.104869200000000085e+01
1.105153100000000066e+01
1.105192899999999945e+01
1.105252499999999927e+01
1.106001599999999918e+01
1.106015999999999977e+01
1.106173700000000082e+01
1.106477699999999942e+01
1.106501300000000043e+01
1.106649799999999928e+01
1.106930299999999967e+01
1.106971899999999920e+01
1.106997199999999992e+01
1.107030899999999995e+01
1.107371799999999951e+01
1.107425500000000085e+01
1.107469200000000065e+01
1.108986999999999945e+01
1.109150200000000019e+01
1.109162899999999929e+01
1.156405999999999956e+01
1.156457100000000082e+01
1.156479099999999960e+01
1.156531700000000029e+01
1.156758400000000009e+01
1.156848300000000052e+01
1.156880699999999962e+01
1.157332700000000081e+01
1.157408999999999999e+01
1.157689799999999991e+01
1.157704099999999947e+01
1.157762100000000061e+01
1.207877299999999998e+01
1.207892700000000019e+01
1.208014400000000066e+01
1.208884600000000020e+01
1.209011300000000055e+01
1.209059300000000015e+01
1.209150700000000001e+01
1.209313099999999963e+01
1.209338900000000017e+01
1.210332700000000017e+01
1.211391300000000015e+01
1.211425599999999925e+01
1.217282900000000012e+01
1.217308899999999916e+01
1.217579800000000034e+01
1.217629900000000021e+01
1.217738199999999971e+01
1.218712599999999924e+01
1.218732299999999924e+01
1.218748700000000085e+01
1.218775399999999998e+01
1.218806200000000040e+01
1.218836800000000054e+01
1.219767700000000055e+01
1.219864699999999935e+01
1.221537499999999987e+01
1.221605899999999956e+01
1.221716100000000083e+01
1.224357099999999932e+01
1.224749500000000069e+01
1.224762100000000054e+01
1.225611899999999999e+01
1.250237599999999993e+01
1.250844700000000032e+01
1.250867700000000049e+01
1.251356999999999964e+01
1.251425300000000007e+01
1.251689400000000063e+01
1.252726799999999940e+01
1.252790800000000004e+01
1.252961499999999972e+01
1.253048800000000007e+01
1.253238600000000069e+01
1.253435200000000016e+01
1.253861299999999979e+01
1.254101900000000036e+01
1.254168999999999912e+01
1.254312900000000042e+01
1.254394500000000079e+01
1.255470900000000078e+01
1.255584999999999951e+01
1.255623499999999915e+01
1.256402500000000089e+01
1.256844599999999978e+01
1.257060399999999944e+01
1.257214399999999976e+01
1.257577000000000034e+01
1.257964400000000005e+01
1.258296900000000029e+01
1.258364599999999989e+01
1.258781699999999937e+01
1.258821200000000040e+01
1.258839000000000041e+01
1.259346999999999994e+01
1.265508200000000016e+01
1.265521200000000057e+01
1.266429499999999919e+01
1.266432499999999983e+01
1.266797799999999974e+01
1.266873900000000042e+01
1.266905700000000046e+01
1.266934299999999958e+01
1.267022200000000076e+01
1.267033099999999912e+01
1.267139500000000041e+01
1.267183799999999927e+01
1.267235499999999959e+01
1.267598300000000044e+01
1.268346999999999980e+01
1.268349300000000035e+01
1.268397099999999966e+01
1.268685200000000002e+01
1.268695899999999988e+01
1.268771599999999999e+01
1.271110200000000034e+01
1.271118899999999918e+01
1.271133000000000024e+01
1.275336000000000070e+01
1.324351599999999962e+01
1.324610500000000002e+01
1.324617600000000017e+01
1.329028500000000079e+01
1.347643899999999917e+01
1.349419199999999996e+01
1.349527299999999919e+01
1.349609899999999918e+01
1.350384999999999991e+01
1.350519599999999976e+01
1.350792500000000018e+01
1.350925900000000013e+01
1.350950199999999946e+01
1.352652999999999928e+01
1.352683299999999988e+01
1.352772500000000022e+01
1.367640100000000025e+01
1.367701699999999931e+01
1.367774799999999935e+01
1.368503800000000048e+01
1.368527899999999953e+01
1.369077799999999989e+01
1.369190099999999966e+01
1.369673900000000089e+01
1.369752199999999931e+01
1.369834700000000005e+01
1.369928200000000018e+01
1.370039700000000060e+01
1.370097699999999996e+01
1.370189899999999916e+01
1.370377299999999998e+01
1.370460399999999979e+01
1.371053500000000014e+01
1.371287200000000084e+01
1.371344900000000067e+01
1.371443200000000040e+01
1.371569799999999972e+01
1.377224499999999985e+01
1.377260300000000015e+01
1.377291300000000085e+01
1.407614599999999960e+01
1.407654499999999942e+01
1.407972400000000057e+01
1.408385600000000082e+01
1.408749399999999952e+01
1.408939600000000070e+01
1.408964399999999983e+01
1.410700399999999988e+01
1.410735200000000056e+01
1.410844900000000024e+01
1.411003599999999913e+01
1.411284000000000027e+01
1.411466700000000074e+01
1.411576799999999920e+01
1.411634500000000081e+01
1.412030700000000039e+01
1.412098499999999923e+01
1.412133799999999972e+01
1.412654599999999938e+01
1.412733700000000070e+01
1.413140699999999939e+01
1.413315599999999961e+01
1.413694899999999954e+01
1.413701700000000017e+01
1.414250200000000035e+01
1.414353299999999969e+01
1.414753999999999934e+01
1.417284100000000002e+01
1.417290000000000028e+01
1.417307800000000029e+01
1.424046599999999962e+01
1.424136500000000005e+01
1.426012200000000085e+01
1.426174699999999973e+01
1.426223799999999997e+01
1.426459000000000010e+01
1.426519200000000076e+01
1.426583100000000037e+01
1.427371100000000048e+01
1.427401899999999912e+01
1.427547000000000033e+01
1.427714500000000086e+01
1.428030599999999950e+01
1.428073799999999949e+01
1.428622599999999920e+01
1.428743000000000052e+01
1.428789100000000012e+01
1.429015399999999936e+01
1.429162499999999980e+01
1.429420700000000011e+01
1.429554800000000014e+01
1.430019500000000043e+01
1.430305899999999930e+01
1.430386900000000061e+01
1.451561599999999963e+01
1.451651299999999978e+01
1.451661299999999954e+01
1.451902800000000049e+01
1.452021000000000051e+01
1.452083599999999919e+01
1.452327099999999938e+01
1.452393700000000010e+01
1.454044200000000053e+01
1.454962000000000089e+01
1.454964999999999975e+01
1.454972700000000074e+01
1.475285500000000027e+01
1.475309299999999979e+01
1.475363300000000066e+01
1.476295299999999955e+01
1.476371499999999948e+01
1.476506799999999942e+01
1.476543099999999953e+01
1.476643999999999934e+01
1.476758000000000060e+01
1.476893300000000053e+01
1.477244300000000088e+01
1.477295600000000064e+01
1.477652499999999947e+01
1.477746199999999988e+01
1.477824599999999933e+01
1.478053500000000042e+01
1.478171799999999969e+01
1.478273300000000035e+01
1.478929800000000050e+01
1.479037399999999991e+01
1.483090800000000087e+01
1.483170100000000069e+01
1.483222600000000035e+01
1.483819699999999919e+01
1.503520900000000005e+01
1.503527599999999964e+01
1.503637900000000016e+01
1.503638899999999978e+01
1.503656499999999951e+01
1.504860200000000070e+01
1.505004800000000031e+01
1.505013100000000037e+01
1.505435300000000076e+01
1.505436300000000038e+01
1.505452200000000040e+01
1.516844700000000046e+01
1.516895899999999919e+01
1.517032400000000081e+01
1.517061700000000002e+01
1.517922500000000063e+01
1.517956700000000048e+01
1.521052599999999977e+01
1.521096299999999957e+01
1.521153699999999986e+01
1.554392499999999977e+01
1.554619899999999966e+01
1.554662199999999928e+01
1.554859100000000005e+01
1.555307799999999929e+01
1.555334700000000048e+01
1.555354099999999917e+01
1.560053800000000024e+01
1.575876099999999980e+01
1.576054199999999916e+01
1.576150200000000012e+01
1.576855699999999949e+01
1.576875099999999996e+01
1.576948499999999953e+01
1.577034100000000016e+01
1.577112699999999990e+01
1.577170399999999972e+01
1.577255899999999933e+01
1.577783299999999933e+01
1.578064400000000056e+01
1.578186499999999981e+01
1.578377599999999958e+01
1.578421600000000069e+01
1.578494599999999970e+01
1.578573399999999971e+01
1.581752000000000002e+01
1.581995000000000040e+01
1.582224500000000056e+01
1.582516500000000015e+01
1.582760700000000043e+01
1.582824100000000023e+01
1.584036599999999950e+01
1.629840499999999892e+01
1.629983299999999957e+01
1.630130099999999871e+01
1.630426100000000034e+01
1.630586399999999969e+01
1.633014100000000113e+01
1.652142500000000069e+01
1.652293900000000093e+01
1.652299899999999866e+01
1.653053600000000145e+01
1.704041799999999895e+01
1.704335000000000022e+01
1.704342600000000019e+01
1.707903800000000061e+01
1.707920500000000175e+01
1.707976400000000083e+01
1.708127299999999948e+01
1.708154800000000151e+01
1.710823600000000155e+01
1.710880999999999830e+01
1.710931400000000124e+01
1.711912600000000140e+01
1.711959699999999884e+01
1.714035799999999909e+01
1.714844199999999930e+01
1.715035299999999907e+01
1.715056799999999981e+01
1.715715900000000005e+01
1.715800700000000134e+01
1.715869100000000103e+01
1.716143299999999883e+01
1.716181699999999921e+01
1.716205499999999873e+01
1.716365199999999902e+01
1.716426999999999836e+01
1.716595900000000086e+01
1.716918400000000133e+01
1.716956700000000069e+01
1.717523800000000023e+01
1.717686700000000144e+01
1.717714600000000047e+01
1.724452199999999991e+01
1.724468900000000104e+01
1.725462200000000124e+01
1.726099699999999970e+01
1.726109200000000143e+01
1.726247000000000043e+01
1.726257599999999925e+01
1.726313599999999937e+01
1.726426599999999922e+01
1.730076100000000139e+01
1.730089999999999861e+01
1.730094000000000065e+01
1.733677099999999882e+01
1.733727700000000027e+01
1.733866799999999841e+01
1.734770999999999930e+01
1.734815199999999891e+01
1.735225900000000010e+01
1.736136199999999974e+01
1.736199500000000029e+01
1.736590299999999942e+01
1.736617299999999986e+01
1.736730500000000177e+01
1.736849700000000141e+01
1.736856200000000072e+01
1.736888700000000085e+01
1.737965600000000066e+01
1.737987400000000093e+01
1.738461200000000062e+01
1.740394200000000069e+01
1.740759100000000004e+01
1.740832100000000082e+01
1.741788000000000025e+01
1.741868300000000147e+01
1.742062500000000114e+01
1.749968799999999902e+01
1.750902800000000070e+01
1.750939400000000035e+01
1.750958100000000073e+01
1.751704099999999897e+01
1.751911499999999933e+01
1.751955099999999987e+01
1.752450500000000133e+01
1.752562400000000054e+01
1.752593399999999946e+01
1.753191500000000147e+01
1.753692799999999963e+01
1.753711200000000048e+01
1.753888200000000097e+01
1.753933400000000020e+01
1.753964799999999968e+01
1.754410999999999987e+01
1.754980000000000118e+01
1.755008000000000123e+01
1.757430499999999896e+01
1.757691600000000065e+01
1.757705299999999937e+01
1.758172199999999918e+01
1.758225699999999847e+01
1.758334100000000078e+01
1.814449600000000018e+01
1.854566799999999915e+01
1.854603200000000029e+01
1.854619900000000143e+01
1.855079299999999876e+01
1.855108200000000096e+01
1.855224899999999977e+01
1.856380800000000164e+01
1.856402399999999986e+01
1.856729100000000088e+01
1.856758599999999859e+01
1.856768999999999892e+01
1.868570800000000176e+01
1.922890200000000149e+01
1.923023999999999845e+01
1.923076400000000064e+01
1.923936899999999994e+01
1.923969500000000110e+01
1.924653199999999842e+01
1.925058800000000048e+01
1.925769899999999879e+01
1.925799100000000053e+01
1.926567800000000119e+01
1.926615899999999826e+01
1.926777200000000079e+01
1.951132799999999889e+01
1.951468699999999856e+01
1.951475399999999993e+01
1.952002799999999993e+01
2.056668499999999966e+01
2.056929500000000033e+01
2.056942899999999952e+01
2.057539900000000088e+01
2.057556200000000146e+01
2.058252799999999993e+01
2.058612000000000108e+01
2.059268900000000002e+01
2.059284200000000098e+01
2.060041899999999870e+01
2.060058799999999835e+01
2.060276400000000052e+01
2.079576799999999892e+01
2.080449799999999883e+01
2.080505499999999941e+01
2.081474000000000046e+01
2.081509700000000151e+01
2.081539899999999932e+01
2.082910599999999945e+01
2.085821800000000081e+01
